[Symbol 1]
Typ=3
Group=1
Col=8
Zoom=1
Size=105
Art=1
Punkte=83
XKoord0=11.25282100
YKoord0=47.22578600
XKoord1=11.25333800
YKoord1=47.22552800
XKoord2=11.25293500
YKoord2=47.22459100
XKoord3=11.25339300
YKoord3=47.22370500
XKoord4=11.25357800
YKoord4=47.22183400
XKoord5=11.25405100
YKoord5=47.22045100
XKoord6=11.25420500
YKoord6=47.21941300
XKoord7=11.25434000
YKoord7=47.21869100
XKoord8=11.25470400
YKoord8=47.21794100
XKoord9=11.25579800
YKoord9=47.21648000
XKoord10=11.25558700
YKoord10=47.21540400
XKoord11=11.25612300
YKoord11=47.21402100
XKoord12=11.25692200
YKoord12=47.21339800
XKoord13=11.25790200
YKoord13=47.21160100
XKoord14=11.25797400
YKoord14=47.20968800
XKoord15=11.25847700
YKoord15=47.20909400
XKoord16=11.25953600
YKoord16=47.20848600
XKoord17=11.25946000
YKoord17=47.20736400
XKoord18=11.25960100
YKoord18=47.20601200
XKoord19=11.25953800
YKoord19=47.20452800
XKoord20=11.25985100
YKoord20=47.20425000
XKoord21=11.26000800
YKoord21=47.20316900
XKoord22=11.26018700
YKoord22=47.20127400
XKoord23=11.26003000
YKoord23=47.20069200
XKoord24=11.26024600
YKoord24=47.19879800
XKoord25=11.26016100
YKoord25=47.19834900
XKoord26=11.26056300
YKoord26=47.19692400
XKoord27=11.26095900
YKoord27=47.19509400
XKoord28=11.26100200
YKoord28=47.19455300
XKoord29=11.26077200
YKoord29=47.19379200
XKoord30=11.26080800
YKoord30=47.19307200
XKoord31=11.26083300
YKoord31=47.19212600
XKoord32=11.26108300
YKoord32=47.19157900
XKoord33=11.26184000
YKoord33=47.19075400
XKoord34=11.26203000
YKoord34=47.18998800
XKoord35=11.26219000
YKoord35=47.18910700
XKoord36=11.26223500
YKoord36=47.18861200
XKoord37=11.26231000
YKoord37=47.18782100
XKoord38=11.26242500
YKoord38=47.18687600
XKoord39=11.26236900
YKoord39=47.18611000
XKoord40=11.26240300
YKoord40=47.18534400
XKoord41=11.26230400
YKoord41=47.18458100
XKoord42=11.26319100
YKoord42=47.18370900
XKoord43=11.26342600
YKoord43=47.18302900
XKoord44=11.26318700
YKoord44=47.18227100
XKoord45=11.26349300
YKoord45=47.18149800
XKoord46=11.26291000
YKoord46=47.18020500
XKoord47=11.26319800
YKoord47=47.17920900
XKoord48=11.26394900
YKoord48=47.17824900
XKoord49=11.26458300
YKoord49=47.17765200
XKoord50=11.26541700
YKoord50=47.17709500
XKoord51=11.26681100
YKoord51=47.17627400
XKoord52=11.26903700
YKoord52=47.17587000
XKoord53=11.27143500
YKoord53=47.17483300
XKoord54=11.27210400
YKoord54=47.17351500
XKoord55=11.27222300
YKoord55=47.17166800
XKoord56=11.27149300
YKoord56=47.17001700
XKoord57=11.27137700
YKoord57=47.16885000
XKoord58=11.27089100
YKoord58=47.16827400
XKoord59=11.26875100
YKoord59=47.16759700
XKoord60=11.26786900
YKoord60=47.16702900
XKoord61=11.26660300
YKoord61=47.16387400
XKoord62=11.26633300
YKoord62=47.16040100
XKoord63=11.26721800
YKoord63=47.15871600
XKoord64=11.26790100
YKoord64=47.15771200
XKoord65=11.26836700
YKoord65=47.15626300
XKoord66=11.26790800
YKoord66=47.15478800
XKoord67=11.26746800
YKoord67=47.15319300
XKoord68=11.26702100
YKoord68=47.15198700
XKoord69=11.26713500
YKoord69=47.15057300
XKoord70=11.26709700
YKoord70=47.14967400
XKoord71=11.26791500
YKoord71=47.14875800
XKoord72=11.26802000
YKoord72=47.14812600
XKoord73=11.26802900
YKoord73=47.14677600
XKoord74=11.26786100
YKoord74=47.14592400
XKoord75=11.26803000
YKoord75=47.14524600
XKoord76=11.26748700
YKoord76=47.14489700
XKoord77=11.26635900
YKoord77=47.14473900
XKoord78=11.26449100
YKoord78=47.14423600
XKoord79=11.26395500
YKoord79=47.14402200
XKoord80=11.26298700
YKoord80=47.14396800
XKoord81=11.26161000
YKoord81=47.14316800
XKoord82=11.26005800
YKoord82=47.14311100
[Symbol 2]
Typ=6
Group=2
Width=20
Height=20
Dir=100
Art=1
Col=2
Zoom=1
Size=102
Area=2
XKoord=11.25289700
YKoord=47.22581700
[Overlay]
Symbols=2
[MapLage]
MapName=ÖK50-West
DimmFc=100
ZoomFc=100
CenterLat=47.22578600
CenterLong=11.25282100
RefOn=1
RefLat=47.22578600
RefLong=11.25282100
