[Symbol 1]
Typ=3
Group=1
Col=8
Zoom=1
Size=105
Art=1
Punkte=50
XKoord0=11.15531400
YKoord0=47.01096300
XKoord1=11.15451500
YKoord1=47.01087900
XKoord2=11.15340200
YKoord2=47.01029700
XKoord3=11.15271400
YKoord3=47.00954500
XKoord4=11.15228200
YKoord4=47.00933700
XKoord5=11.15203500
YKoord5=47.00948700
XKoord6=11.15225600
YKoord6=47.01043100
XKoord7=11.15292400
YKoord7=47.01115800
XKoord8=11.15276500
YKoord8=47.01129600
XKoord9=11.15148200
YKoord9=47.01046500
XKoord10=11.15137100
YKoord10=47.01098500
XKoord11=11.15137300
YKoord11=47.01137000
XKoord12=11.15101900
YKoord12=47.01155700
XKoord13=11.15037900
YKoord13=47.01167800
XKoord14=11.14956200
YKoord14=47.01180600
XKoord15=11.14861500
YKoord15=47.01198100
XKoord16=11.14759700
YKoord16=47.01234100
XKoord17=11.14654800
YKoord17=47.01242800
XKoord18=11.14458600
YKoord18=47.01273500
XKoord19=11.14300300
YKoord19=47.01253000
XKoord20=11.14125800
YKoord20=47.01186100
XKoord21=11.14057500
YKoord21=47.01153600
XKoord22=11.13866000
YKoord22=47.01068100
XKoord23=11.13418400
YKoord23=47.00913100
XKoord24=11.13176600
YKoord24=47.00891100
XKoord25=11.12747100
YKoord25=47.00926100
XKoord26=11.12508700
YKoord26=47.00964700
XKoord27=11.12273600
YKoord27=47.01058200
XKoord28=11.11936300
YKoord28=47.01128800
XKoord29=11.11706100
YKoord29=47.01217600
XKoord30=11.11467600
YKoord30=47.01172100
XKoord31=11.11190900
YKoord31=47.01127700
XKoord32=11.11127500
YKoord32=47.01057300
XKoord33=11.11051700
YKoord33=47.00971000
XKoord34=11.10962600
YKoord34=47.00878100
XKoord35=11.10745400
YKoord35=47.00859500
XKoord36=11.10550700
YKoord36=47.00759600
XKoord37=11.10439600
YKoord37=47.00608600
XKoord38=11.10277600
YKoord38=47.00420400
XKoord39=11.10083600
YKoord39=47.00255200
XKoord40=11.09962600
YKoord40=47.00187700
XKoord41=11.09865200
YKoord41=47.00153600
XKoord42=11.09726000
YKoord42=47.00124700
XKoord43=11.09633000
YKoord43=47.00119600
XKoord44=11.09502400
YKoord44=47.00108400
XKoord45=11.09496600
YKoord45=47.00146900
XKoord46=11.09482600
YKoord46=47.00207900
XKoord47=11.09511900
YKoord47=47.00286100
XKoord48=11.09541500
YKoord48=47.00352900
XKoord49=11.09633500
YKoord49=47.00434400
[Symbol 2]
Typ=6
Group=2
Width=20
Height=20
Dir=100
Art=1
Col=2
Zoom=1
Size=102
Area=2
XKoord=11.15539200
YKoord=47.01088500
[Overlay]
Symbols=2
[MapLage]
MapName=ÖK50-West
DimmFc=100
ZoomFc=100
CenterLat=47.01096300
CenterLong=11.15531400
RefOn=1
RefLat=47.01096300
RefLong=11.15531400
