[Symbol 1]
Typ=3
Group=1
Col=8
Zoom=1
Size=105
Art=1
Punkte=59
XKoord0=11.15548200
YKoord0=47.01105000
XKoord1=11.15478500
YKoord1=47.01088300
XKoord2=11.15381400
YKoord2=47.01047400
XKoord3=11.15286700
YKoord3=47.00981700
XKoord4=11.15238800
YKoord4=47.00935300
XKoord5=11.15228700
YKoord5=47.00931000
XKoord6=11.15209600
YKoord6=47.00947100
XKoord7=11.15218600
YKoord7=47.01005400
XKoord8=11.15244000
YKoord8=47.01065700
XKoord9=11.15285000
YKoord9=47.01103200
XKoord10=11.15285400
YKoord10=47.01114400
XKoord11=11.15269500
YKoord11=47.01126000
XKoord12=11.15215200
YKoord12=47.01084300
XKoord13=11.15161000
YKoord13=47.01047000
XKoord14=11.15138200
YKoord14=47.01132900
XKoord15=11.15132000
YKoord15=47.01144300
XKoord16=11.15018200
YKoord16=47.01175700
XKoord17=11.14877100
YKoord17=47.01205400
XKoord18=11.14710600
YKoord18=47.01237800
XKoord19=11.14685700
YKoord19=47.01292200
XKoord20=11.14732200
YKoord20=47.01385800
XKoord21=11.14747700
YKoord21=47.01444000
XKoord22=11.14730100
YKoord22=47.01498400
XKoord23=11.14709300
YKoord23=47.01552800
XKoord24=11.14732700
YKoord24=47.01601800
XKoord25=11.14892200
YKoord25=47.01601100
XKoord26=11.15013800
YKoord26=47.01598800
XKoord27=11.15146800
YKoord27=47.01634500
XKoord28=11.15230200
YKoord28=47.01664500
XKoord29=11.15189200
YKoord29=47.01708000
XKoord30=11.15064500
YKoord30=47.01798100
XKoord31=11.15017700
YKoord31=47.01942900
XKoord32=11.14930800
YKoord32=47.02205600
XKoord33=11.14942900
YKoord33=47.02344900
XKoord34=11.14913400
YKoord34=47.02428700
XKoord35=11.14900900
YKoord35=47.02527900
XKoord36=11.14860300
YKoord36=47.02672700
XKoord37=11.14823700
YKoord37=47.02828600
XKoord38=11.14811200
YKoord38=47.02925600
XKoord39=11.14832700
YKoord39=47.02999400
XKoord40=11.14792200
YKoord40=47.03056400
XKoord41=11.14753700
YKoord41=47.03081900
XKoord42=11.14645900
YKoord42=47.03090700
XKoord43=11.14456100
YKoord43=47.03116800
XKoord44=11.14381600
YKoord44=47.03147400
XKoord45=11.14324000
YKoord45=47.03189000
XKoord46=11.14319900
YKoord46=47.03249800
XKoord47=11.14386200
YKoord47=47.03345300
XKoord48=11.14435200
YKoord48=47.03416400
XKoord49=11.14497900
YKoord49=47.03503000
XKoord50=11.14520800
YKoord50=47.03583500
XKoord51=11.14542900
YKoord51=47.03641600
XKoord52=11.14513300
YKoord52=47.03723100
XKoord53=11.14453800
YKoord53=47.03798500
XKoord54=11.14455200
YKoord54=47.03834500
XKoord55=11.14423800
YKoord55=47.03873300
XKoord56=11.14266300
YKoord56=47.03883000
XKoord57=11.14277400
YKoord57=47.03914300
XKoord58=11.14293900
YKoord58=47.03945500
[Symbol 2]
Typ=6
Group=2
Width=20
Height=20
Dir=100
Art=1
Col=2
Zoom=1
Size=102
Area=2
XKoord=11.15565200
YKoord=47.01115500
[Overlay]
Symbols=2
[MapLage]
MapName=ÖK50-West
DimmFc=100
ZoomFc=100
CenterLat=47.01105000
CenterLong=11.15548200
RefOn=1
RefLat=47.01105000
RefLong=11.15548200
