[Symbol 1]
Typ=3
Group=1
Col=8
Zoom=1
Size=105
Art=1
Punkte=86
XKoord0=11.18099400
YKoord0=47.01529500
XKoord1=11.18049000
YKoord1=47.01503500
XKoord2=11.17988700
YKoord2=47.01493400
XKoord3=11.17922900
YKoord3=47.01492400
XKoord4=11.18016000
YKoord4=47.01436600
XKoord5=11.17947100
YKoord5=47.01440200
XKoord6=11.17972800
YKoord6=47.01426200
XKoord7=11.17942900
YKoord7=47.01417700
XKoord8=11.17974800
YKoord8=47.01394600
XKoord9=11.17904700
YKoord9=47.01368900
XKoord10=11.18171500
YKoord10=47.01217600
XKoord11=11.18377500
YKoord11=47.01105700
XKoord12=11.18383300
YKoord12=47.01069600
XKoord13=11.18407700
YKoord13=47.01039900
XKoord14=11.18430200
YKoord14=47.01026000
XKoord15=11.18407000
YKoord15=47.01021900
XKoord16=11.18507400
YKoord16=47.00984000
XKoord17=11.18523500
YKoord17=47.00974700
XKoord18=11.18503300
YKoord18=47.00963800
XKoord19=11.18584600
YKoord19=47.00924100
XKoord20=11.18823400
YKoord20=47.00908200
XKoord21=11.18943000
YKoord21=47.00937400
XKoord22=11.19029300
YKoord22=47.00958200
XKoord23=11.19046000
YKoord23=47.00946700
XKoord24=11.19034600
YKoord24=47.00911000
XKoord25=11.19006300
YKoord25=47.00812500
XKoord26=11.18978400
YKoord26=47.00759000
XKoord27=11.18973000
YKoord27=47.00723100
XKoord28=11.18936900
YKoord28=47.00692300
XKoord29=11.18906600
YKoord29=47.00674900
XKoord30=11.18879000
YKoord30=47.00677700
XKoord31=11.18802600
YKoord31=47.00625200
XKoord32=11.18671500
YKoord32=47.00492600
XKoord33=11.18605500
YKoord33=47.00406200
XKoord34=11.18485900
YKoord34=47.00278000
XKoord35=11.18367700
YKoord35=47.00253200
XKoord36=11.18309800
YKoord36=47.00204800
XKoord37=11.18300000
YKoord37=47.00157700
XKoord38=11.18269800
YKoord38=47.00111000
XKoord39=11.18232400
YKoord39=47.00048700
XKoord40=11.18203800
YKoord40=47.00058300
XKoord41=11.18180200
YKoord41=47.00043000
XKoord42=11.18158600
YKoord42=46.99998400
XKoord43=11.18120900
YKoord43=46.99976600
XKoord44=11.18074500
YKoord44=46.99966300
XKoord45=11.18047900
YKoord45=46.99960000
XKoord46=11.18005400
YKoord46=46.99949500
XKoord47=11.17988300
YKoord47=46.99934100
XKoord48=11.17939700
YKoord48=46.99872100
XKoord49=11.17876800
YKoord49=46.99859800
XKoord50=11.17824500
YKoord50=46.99802300
XKoord51=11.17831900
YKoord51=46.99741400
XKoord52=11.17919700
YKoord52=46.99717200
XKoord53=11.17967800
YKoord53=46.99687100
XKoord54=11.18094300
YKoord54=46.99646400
XKoord55=11.18163500
YKoord55=46.99600100
XKoord56=11.18162100
YKoord56=46.99532600
XKoord57=11.18252000
YKoord57=46.99481400
XKoord58=11.18458900
YKoord58=46.99475100
XKoord59=11.18627900
YKoord59=46.99507900
XKoord60=11.18783100
YKoord60=46.99444200
XKoord61=11.18867500
YKoord61=46.99417800
XKoord62=11.19159000
YKoord62=46.99308700
XKoord63=11.19419300
YKoord63=46.99162000
XKoord64=11.19596800
YKoord64=46.98998900
XKoord65=11.19665600
YKoord65=46.98912100
XKoord66=11.19648400
YKoord66=46.98862800
XKoord67=11.19578700
YKoord67=46.98767400
XKoord68=11.19402000
YKoord68=46.98577400
XKoord69=11.19239800
YKoord69=46.98470300
XKoord70=11.19111400
YKoord70=46.98385000
XKoord71=11.18959900
YKoord71=46.98187600
XKoord72=11.18870100
YKoord72=46.98000300
XKoord73=11.18879100
YKoord73=46.97770600
XKoord74=11.18997700
YKoord74=46.97615400
XKoord75=11.19234200
YKoord75=46.97451100
XKoord76=11.19261900
YKoord76=46.97324600
XKoord77=11.19263300
YKoord77=46.97198600
XKoord78=11.19226500
YKoord78=46.97102500
XKoord79=11.19237900
YKoord79=46.97012300
XKoord80=11.19199000
YKoord80=46.96945600
XKoord81=11.19159300
YKoord81=46.96939600
XKoord82=11.19092400
YKoord82=46.96990300
XKoord83=11.19050100
YKoord83=46.97015900
XKoord84=11.19021100
YKoord84=46.97030000
XKoord85=11.19008900
YKoord85=46.97055000
[Symbol 2]
Typ=6
Group=2
Width=20
Height=20
Dir=100
Art=1
Col=2
Zoom=1
Size=102
Area=2
XKoord=11.18107900
YKoord=47.01532900
[Overlay]
Symbols=2
[MapLage]
MapName=ÖK50-West
DimmFc=100
ZoomFc=100
CenterLat=47.01529500
CenterLong=11.18099400
RefOn=1
RefLat=47.01529500
RefLong=11.18099400
