[Symbol 1]
Typ=3
Group=1
Col=8
Zoom=1
Size=105
Art=1
Punkte=29
XKoord0=11.11183300
YKoord0=46.97693800
XKoord1=11.11072100
YKoord1=46.97623800
XKoord2=11.11163600
YKoord2=46.97527600
XKoord3=11.11601400
YKoord3=46.97377800
XKoord4=11.11935200
YKoord4=46.97256900
XKoord5=11.12135900
YKoord5=46.97178900
XKoord6=11.12180600
YKoord6=46.97061100
XKoord7=11.12325200
YKoord7=46.96979700
XKoord8=11.12728900
YKoord8=46.96905100
XKoord9=11.12906700
YKoord9=46.96832000
XKoord10=11.13029300
YKoord10=46.96773500
XKoord11=11.13149100
YKoord11=46.96645300
XKoord12=11.13259500
YKoord12=46.96611700
XKoord13=11.13419500
YKoord13=46.96667200
XKoord14=11.13688200
YKoord14=46.96813000
XKoord15=11.14272000
YKoord15=46.96989400
XKoord16=11.14314700
YKoord16=46.96988600
XKoord17=11.14564400
YKoord17=46.96986200
XKoord18=11.14947700
YKoord18=46.96934900
XKoord19=11.15093200
YKoord19=46.96873700
XKoord20=11.15238800
YKoord20=46.96817000
XKoord21=11.15503300
YKoord21=46.96776000
XKoord22=11.15645600
YKoord22=46.96717100
XKoord23=11.15836400
YKoord23=46.96639200
XKoord24=11.15944200
YKoord24=46.96542700
XKoord25=11.15798700
YKoord25=46.96509400
XKoord26=11.15660600
YKoord26=46.96507500
XKoord27=11.15498900
YKoord27=46.96490300
XKoord28=11.15388700
YKoord28=46.96447400
[Overlay]
Symbols=1
[MapLage]
MapName=ÖK50-West
DimmFc=100
ZoomFc=100
CenterLat=46.97693800
CenterLong=11.11183300
RefOn=1
RefLat=46.97693800
RefLong=11.11183300
