[Symbol 1]
Typ=3
Group=1
Col=8
Zoom=1
Size=105
Art=1
Punkte=40
XKoord0=11.69537600
YKoord0=47.26313700
XKoord1=11.69601900
YKoord1=47.26278500
XKoord2=11.69788900
YKoord2=47.26348700
XKoord3=11.69880200
YKoord3=47.26389300
XKoord4=11.69950900
YKoord4=47.26414600
XKoord5=11.70039700
YKoord5=47.26405800
XKoord6=11.70167700
YKoord6=47.26420400
XKoord7=11.70300900
YKoord7=47.26439700
XKoord8=11.70349600
YKoord8=47.26488100
XKoord9=11.70385400
YKoord9=47.26541200
XKoord10=11.70407700
YKoord10=47.26590200
XKoord11=11.70436400
YKoord11=47.26634500
XKoord12=11.70508600
YKoord12=47.26689000
XKoord13=11.70581900
YKoord13=47.26766000
XKoord14=11.70676000
YKoord14=47.26795300
XKoord15=11.70800500
YKoord15=47.26774400
XKoord16=11.70911100
YKoord16=47.26740300
XKoord17=11.71009500
YKoord17=47.26724400
XKoord18=11.71076900
YKoord18=47.26749800
XKoord19=11.71178200
YKoord19=47.26792400
XKoord20=11.71296400
YKoord20=47.26776100
XKoord21=11.71523400
YKoord21=47.26820300
XKoord22=11.71648100
YKoord22=47.26803800
XKoord23=11.71772900
YKoord23=47.26787300
XKoord24=11.72004700
YKoord24=47.26795300
XKoord25=11.72267100
YKoord25=47.26757600
XKoord26=11.72504400
YKoord26=47.26743000
XKoord27=11.72694400
YKoord27=47.26711400
XKoord28=11.72938700
YKoord28=47.26705600
XKoord29=11.73162500
YKoord29=47.26686800
XKoord30=11.73354000
YKoord30=47.26682200
XKoord31=11.73540900
YKoord31=47.26718200
XKoord32=11.73742000
YKoord32=47.26771900
XKoord33=11.73935300
YKoord33=47.26803300
XKoord34=11.74067800
YKoord34=47.26809100
XKoord35=11.74131700
YKoord35=47.26808000
XKoord36=11.74181300
YKoord36=47.26809000
XKoord37=11.74207200
YKoord37=47.26819300
XKoord38=11.74257000
YKoord38=47.26802700
XKoord39=11.74296500
YKoord39=47.26799500
[Symbol 2]
Typ=6
Group=2
Width=20
Height=20
Dir=100
Art=1
Col=2
Zoom=1
Size=102
Area=2
XKoord=11.69540100
YKoord=47.26315800
[Overlay]
Symbols=2
[MapLage]
MapName=ÖK50-West
DimmFc=100
ZoomFc=100
CenterLat=47.26313700
CenterLong=11.69537600
RefOn=1
RefLat=47.26313700
RefLong=11.69537600
