[Symbol 1]
Typ=3
Group=1
Col=8
Zoom=1
Size=105
Art=1
Punkte=21
XKoord0=11.67628300
YKoord0=47.28948800
XKoord1=11.67838900
YKoord1=47.28930400
XKoord2=11.68099700
YKoord2=47.28987200
XKoord3=11.69171100
YKoord3=47.28858600
XKoord4=11.69419800
YKoord4=47.28546800
XKoord5=11.69559200
YKoord5=47.28426500
XKoord6=11.69724700
YKoord6=47.28301100
XKoord7=11.69887500
YKoord7=47.28121800
XKoord8=11.69941000
YKoord8=47.27873100
XKoord9=11.70144300
YKoord9=47.27580300
XKoord10=11.70245800
YKoord10=47.27496900
XKoord11=11.70656000
YKoord11=47.27244300
XKoord12=11.71243400
YKoord12=47.27095400
XKoord13=11.71574200
YKoord13=47.27052700
XKoord14=11.72038600
YKoord14=47.26956200
XKoord15=11.72339500
YKoord15=47.26764500
XKoord16=11.72667300
YKoord16=47.26711700
XKoord17=11.73295000
YKoord17=47.26705800
XKoord18=11.73707800
YKoord18=47.26763400
XKoord19=11.73941700
YKoord19=47.26811800
XKoord20=11.74285000
YKoord20=47.26803600
[Overlay]
Symbols=1
[MapLage]
MapName=ÖK50-West
DimmFc=100
ZoomFc=100
CenterLat=47.28948800
CenterLong=11.67628300
RefOn=1
RefLat=47.28948800
RefLong=11.67628300
