[Symbol 1]
Typ=3
Group=1
Col=8
Zoom=1
Size=105
Art=1
Punkte=76
XKoord0=11.69591500
YKoord0=47.26281200
XKoord1=11.69721700
YKoord1=47.26242100
XKoord2=11.69848300
YKoord2=47.26261700
XKoord3=11.70004200
YKoord3=47.26208500
XKoord4=11.70095100
YKoord4=47.26174800
XKoord5=11.70160200
YKoord5=47.26155300
XKoord6=11.70178400
YKoord6=47.26123400
XKoord7=11.70197300
YKoord7=47.26104900
XKoord8=11.70203200
YKoord8=47.26091300
XKoord9=11.70076400
YKoord9=47.26067300
XKoord10=11.70093700
YKoord10=47.26017400
XKoord11=11.70105000
YKoord11=47.25981100
XKoord12=11.70102700
YKoord12=47.25936200
XKoord13=11.70102100
YKoord13=47.25922700
XKoord14=11.70156700
YKoord14=47.25957400
XKoord15=11.70158500
YKoord15=47.25993400
XKoord16=11.70186500
YKoord16=47.26024200
XKoord17=11.70205700
YKoord17=47.26010300
XKoord18=11.70204300
YKoord18=47.25983300
XKoord19=11.70215000
YKoord19=47.25933500
XKoord20=11.70146900
YKoord20=47.25894700
XKoord21=11.70079100
YKoord21=47.25860300
XKoord22=11.70077200
YKoord22=47.25824300
XKoord23=11.70008500
YKoord23=47.25771900
XKoord24=11.69967000
YKoord24=47.25736900
XKoord25=11.69949000
YKoord25=47.25642800
XKoord26=11.69936900
YKoord26=47.25535100
XKoord27=11.69917800
YKoord27=47.25418600
XKoord28=11.69886600
YKoord28=47.25324800
XKoord29=11.69863400
YKoord29=47.25257900
XKoord30=11.69886600
YKoord30=47.25194400
XKoord31=11.69867400
YKoord31=47.25077800
XKoord32=11.69889700
YKoord32=47.24996300
XKoord33=11.69947000
YKoord33=47.24824000
XKoord34=11.70040300
YKoord34=47.24709300
XKoord35=11.70098600
YKoord35=47.24554900
XKoord36=11.70117000
YKoord36=47.24527500
XKoord37=11.70125200
YKoord37=47.24558800
XKoord38=11.70299900
YKoord38=47.24356700
XKoord39=11.70473900
YKoord39=47.24141100
XKoord40=11.70574200
YKoord40=47.24035200
XKoord41=11.70599700
YKoord41=47.24016600
XKoord42=11.70633900
YKoord42=47.24038300
XKoord43=11.70711200
YKoord43=47.24000500
XKoord44=11.70724800
YKoord44=47.23878700
XKoord45=11.70689800
YKoord45=47.23839000
XKoord46=11.70701600
YKoord46=47.23811700
XKoord47=11.70772400
YKoord47=47.23774100
XKoord48=11.70769300
YKoord48=47.23747000
XKoord49=11.70747500
YKoord49=47.23707000
XKoord50=11.70746100
YKoord50=47.23680000
XKoord51=11.70775900
YKoord51=47.23616300
XKoord52=11.70811100
YKoord52=47.23530000
XKoord53=11.70840900
YKoord53=47.23466300
XKoord54=11.70911200
YKoord54=47.23419600
XKoord55=11.70995700
YKoord55=47.23521100
XKoord56=11.71028200
YKoord56=47.23511400
XKoord57=11.71068000
YKoord57=47.23514900
XKoord58=11.71052800
YKoord58=47.23474800
XKoord59=11.71170400
YKoord59=47.23449500
XKoord60=11.71213800
YKoord60=47.23394500
XKoord61=11.71265200
YKoord61=47.23366300
XKoord62=11.71325100
YKoord62=47.23373800
XKoord63=11.71429700
YKoord63=47.23353400
XKoord64=11.71496600
YKoord64=47.23239300
XKoord65=11.71567100
YKoord65=47.23197100
XKoord66=11.71617500
YKoord66=47.23150900
XKoord67=11.71890700
YKoord67=47.23067900
XKoord68=11.71992600
YKoord68=47.22993500
XKoord69=11.72115200
YKoord69=47.22936600
XKoord70=11.72262400
YKoord70=47.22973600
XKoord71=11.72468600
YKoord71=47.23000200
XKoord72=11.72571800
YKoord72=47.22952800
XKoord73=11.72674900
YKoord73=47.22900800
XKoord74=11.72775300
YKoord74=47.22799400
XKoord75=11.72810200
YKoord75=47.22834600
[Symbol 2]
Typ=6
Group=2
Width=20
Height=20
Dir=100
Art=1
Col=2
Zoom=1
Size=102
Area=2
XKoord=11.69587400
YKoord=47.26291600
[Overlay]
Symbols=2
[MapLage]
MapName=ÖK50-West
DimmFc=100
ZoomFc=100
CenterLat=47.26281200
CenterLong=11.69591500
RefOn=1
RefLat=47.26281200
RefLong=11.69591500
