[Symbol 1]
Typ=3
Group=1
Col=8
Zoom=1
Size=105
Art=1
Punkte=66
XKoord0=11.69591500
YKoord0=47.26281200
XKoord1=11.69721700
YKoord1=47.26242100
XKoord2=11.69848300
YKoord2=47.26261700
XKoord3=11.70004200
YKoord3=47.26208500
XKoord4=11.70095100
YKoord4=47.26174800
XKoord5=11.70160200
YKoord5=47.26155300
XKoord6=11.70178400
YKoord6=47.26123400
XKoord7=11.70197300
YKoord7=47.26104900
XKoord8=11.70203200
YKoord8=47.26091300
XKoord9=11.70076400
YKoord9=47.26067300
XKoord10=11.70093700
YKoord10=47.26017400
XKoord11=11.70105000
YKoord11=47.25981100
XKoord12=11.70102700
YKoord12=47.25936200
XKoord13=11.70102100
YKoord13=47.25922700
XKoord14=11.70156700
YKoord14=47.25957400
XKoord15=11.70158500
YKoord15=47.25993400
XKoord16=11.70186500
YKoord16=47.26024200
XKoord17=11.70205700
YKoord17=47.26010300
XKoord18=11.70204300
YKoord18=47.25983300
XKoord19=11.70215000
YKoord19=47.25933500
XKoord20=11.70146900
YKoord20=47.25894700
XKoord21=11.70079100
YKoord21=47.25860300
XKoord22=11.70077200
YKoord22=47.25824300
XKoord23=11.70008500
YKoord23=47.25771900
XKoord24=11.69967000
YKoord24=47.25736900
XKoord25=11.69949000
YKoord25=47.25642800
XKoord26=11.69936900
YKoord26=47.25535100
XKoord27=11.69917800
YKoord27=47.25418600
XKoord28=11.69886600
YKoord28=47.25324800
XKoord29=11.69863400
YKoord29=47.25257900
XKoord30=11.69886600
YKoord30=47.25194400
XKoord31=11.69867400
YKoord31=47.25077800
XKoord32=11.69889700
YKoord32=47.24996300
XKoord33=11.69947000
YKoord33=47.24824000
XKoord34=11.69998800
YKoord34=47.24738400
XKoord35=11.70025000
YKoord35=47.24602800
XKoord36=11.70052300
YKoord36=47.24489600
XKoord37=11.70064500
YKoord37=47.24340900
XKoord38=11.70078600
YKoord38=47.24228000
XKoord39=11.70121500
YKoord39=47.24096400
XKoord40=11.70156300
YKoord40=47.24001100
XKoord41=11.70102800
YKoord41=47.23858400
XKoord42=11.70080900
YKoord42=47.23687900
XKoord43=11.70082000
YKoord43=47.23579900
XKoord44=11.70127500
YKoord44=47.23434800
XKoord45=11.70175300
YKoord45=47.23334700
XKoord46=11.70207500
YKoord46=47.23190000
XKoord47=11.70247100
YKoord47=47.23058600
XKoord48=11.70327000
YKoord48=47.23200700
XKoord49=11.70451400
YKoord49=47.22918700
XKoord50=11.70435000
YKoord50=47.22856100
XKoord51=11.70812700
YKoord51=47.22491700
XKoord52=11.70860000
YKoord52=47.22382600
XKoord53=11.71017400
YKoord53=47.22230400
XKoord54=11.71009900
YKoord54=47.22343100
XKoord55=11.71179300
YKoord55=47.22298600
XKoord56=11.71461400
YKoord56=47.22260400
XKoord57=11.71581500
YKoord57=47.22284500
XKoord58=11.71689400
YKoord58=47.22327000
XKoord59=11.71761300
YKoord59=47.22442300
XKoord60=11.71886400
YKoord60=47.22434800
XKoord61=11.71979600
YKoord61=47.22320100
XKoord62=11.72271000
YKoord62=47.22335700
XKoord63=11.72464500
YKoord63=47.22115100
XKoord64=11.72560800
YKoord64=47.21932800
XKoord65=11.72634400
YKoord65=47.21823100
[Symbol 2]
Typ=6
Group=2
Width=20
Height=20
Dir=100
Art=1
Col=2
Zoom=1
Size=102
Area=2
XKoord=11.69587400
YKoord=47.26291600
[Overlay]
Symbols=2
[MapLage]
MapName=ÖK50-West
DimmFc=100
ZoomFc=100
CenterLat=47.26281200
CenterLong=11.69591500
RefOn=1
RefLat=47.26281200
RefLong=11.69591500
