[Symbol 1]
Typ=3
Group=1
Col=8
Zoom=1
Size=105
Art=1
Punkte=31
XKoord0=11.69651900
YKoord0=47.26242700
XKoord1=11.69715900
YKoord1=47.26331100
XKoord2=11.69803700
YKoord2=47.26369600
XKoord3=11.70046400
YKoord3=47.26332300
XKoord4=11.70243800
YKoord4=47.26314200
XKoord5=11.70626200
YKoord5=47.26296200
XKoord6=11.70873900
YKoord6=47.26227300
XKoord7=11.71109300
YKoord7=47.26176700
XKoord8=11.71166100
YKoord8=47.26125900
XKoord9=11.71426300
YKoord9=47.26043200
XKoord10=11.71655100
YKoord10=47.25992800
XKoord11=11.71941400
YKoord11=47.25905000
XKoord12=11.72005100
YKoord12=47.25858500
XKoord13=11.72062900
YKoord13=47.25825700
XKoord14=11.72277500
YKoord14=47.25757600
XKoord15=11.72326800
YKoord15=47.25688900
XKoord16=11.72328600
YKoord16=47.25594400
XKoord17=11.72513100
YKoord17=47.25455000
XKoord18=11.72514200
YKoord18=47.25347000
XKoord19=11.72714200
YKoord19=47.25252200
XKoord20=11.72822700
YKoord20=47.25177600
XKoord21=11.72903900
YKoord21=47.25085700
XKoord22=11.72901200
YKoord22=47.24905800
XKoord23=11.72838600
YKoord23=47.24844300
XKoord24=11.72702900
YKoord24=47.24519100
XKoord25=11.72621800
YKoord25=47.24354500
XKoord26=11.72496800
YKoord26=47.24236000
XKoord27=11.72398600
YKoord27=47.24125800
XKoord28=11.72328700
YKoord28=47.24051000
XKoord29=11.72345100
YKoord29=47.23983100
XKoord30=11.72453600
YKoord30=47.23908500
[Overlay]
Symbols=1
[MapLage]
MapName=ÖK50-West
DimmFc=100
ZoomFc=100
CenterLat=47.26242700
CenterLong=11.69651900
RefOn=1
RefLat=47.26242700
RefLong=11.69651900
