[Symbol 1]
Typ=3
Group=1
Col=8
Zoom=1
Size=105
Art=1
Punkte=31
XKoord0=11.67302900
YKoord0=47.26640900
XKoord1=11.67290000
YKoord1=47.26384700
XKoord2=11.67367900
YKoord2=47.26355900
XKoord3=11.67527000
YKoord3=47.26496200
XKoord4=11.67609600
YKoord4=47.26431300
XKoord5=11.67514900
YKoord5=47.26388500
XKoord6=11.67695700
YKoord6=47.26303300
XKoord7=11.67529800
YKoord7=47.26289200
XKoord8=11.67696200
YKoord8=47.26181800
XKoord9=11.67464200
YKoord9=47.26169200
XKoord10=11.67724400
YKoord10=47.26086600
XKoord11=11.67755400
YKoord11=47.26045400
XKoord12=11.67575800
YKoord12=47.26022600
XKoord13=11.67467900
YKoord13=47.25980100
XKoord14=11.67411000
YKoord14=47.25900500
XKoord15=11.67389000
YKoord15=47.25856000
XKoord16=11.67348000
YKoord16=47.25830000
XKoord17=11.67310500
YKoord17=47.25806100
XKoord18=11.67216300
YKoord18=47.25707100
XKoord19=11.67167000
YKoord19=47.25582300
XKoord20=11.67216800
YKoord20=47.25455000
XKoord21=11.67281800
YKoord21=47.25039600
XKoord22=11.67134400
YKoord22=47.24737000
XKoord23=11.67593500
YKoord23=47.24276400
XKoord24=11.67816000
YKoord24=47.23978500
XKoord25=11.67635000
YKoord25=47.23663300
XKoord26=11.67487400
YKoord26=47.23486800
XKoord27=11.67340300
YKoord27=47.23058200
XKoord28=11.67310100
YKoord28=47.22852000
XKoord29=11.67389700
YKoord29=47.22728600
XKoord30=11.67349300
YKoord30=47.22581100
[Overlay]
Symbols=1
[MapLage]
MapName=ÖK50-West
DimmFc=100
ZoomFc=100
CenterLat=47.26640900
CenterLong=11.67302900
RefOn=1
RefLat=47.26640900
RefLong=11.67302900
