[Symbol 1]
Typ=3
Group=1
Col=8
Zoom=1
Size=105
Art=1
Punkte=35
XKoord0=11.13902200
YKoord0=47.13045700
XKoord1=11.13834600
YKoord1=47.12871100
XKoord2=11.13796300
YKoord2=47.12483700
XKoord3=11.13660000
YKoord3=47.12108500
XKoord4=11.13580800
YKoord4=47.11835700
XKoord5=11.13524000
YKoord5=47.11552200
XKoord6=11.13494900
YKoord6=47.11392300
XKoord7=11.13214700
YKoord7=47.11211300
XKoord8=11.12911600
YKoord8=47.11211800
XKoord9=11.12653000
YKoord9=47.11190700
XKoord10=11.12366300
YKoord10=47.11221900
XKoord11=11.12048200
YKoord11=47.11227800
XKoord12=11.11545800
YKoord12=47.11175000
XKoord13=11.11146600
YKoord13=47.11047800
XKoord14=11.10421000
YKoord14=47.10714500
XKoord15=11.10148300
YKoord15=47.10517300
XKoord16=11.09871900
YKoord16=47.10232600
XKoord17=11.09766700
YKoord17=47.10063800
XKoord18=11.09681900
YKoord18=47.09832500
XKoord19=11.09572700
YKoord19=47.09560200
XKoord20=11.09451600
YKoord20=47.09371000
XKoord21=11.09275500
YKoord21=47.09131000
XKoord22=11.09295200
YKoord22=47.08861600
XKoord23=11.09543000
YKoord23=47.08225700
XKoord24=11.09291300
YKoord24=47.07987200
XKoord25=11.09321600
YKoord25=47.07795100
XKoord26=11.09523700
YKoord26=47.07346400
XKoord27=11.09459500
YKoord27=47.07254500
XKoord28=11.09320200
YKoord28=47.07179400
XKoord29=11.09136600
YKoord29=47.07131000
XKoord30=11.08994000
YKoord30=47.07164700
XKoord31=11.08858300
YKoord31=47.07182700
XKoord32=11.08762000
YKoord32=47.07236200
XKoord33=11.08703000
YKoord33=47.07278600
XKoord34=11.08782600
YKoord34=47.07375500
[Overlay]
Symbols=1
[MapLage]
MapName=ÖK50-West
DimmFc=100
ZoomFc=100
CenterLat=47.13045700
CenterLong=11.13902200
RefOn=1
RefLat=47.13045700
RefLong=11.13902200
