[Symbol 1]
Typ=3
Group=1
Col=8
Zoom=1
Size=105
Art=1
Punkte=44
XKoord0=11.13330600
YKoord0=47.14918900
XKoord1=11.13260600
YKoord1=47.14907900
XKoord2=11.13115700
YKoord2=47.14996100
XKoord3=11.13028300
YKoord3=47.15036000
XKoord4=11.12984500
YKoord4=47.15095300
XKoord5=11.12960700
YKoord5=47.15158700
XKoord6=11.12931400
YKoord6=47.15170500
XKoord7=11.12888600
YKoord7=47.15176300
XKoord8=11.12855900
YKoord8=47.15170700
XKoord9=11.12829100
YKoord9=47.15162200
XKoord10=11.12731200
YKoord10=47.15186600
XKoord11=11.12665100
YKoord11=47.15191200
XKoord12=11.12535500
YKoord12=47.15164400
XKoord13=11.12357400
YKoord13=47.15157500
XKoord14=11.12267700
YKoord14=47.15141200
XKoord15=11.12201700
YKoord15=47.15148100
XKoord16=11.12118900
YKoord16=47.15138400
XKoord17=11.12043500
YKoord17=47.15151000
XKoord18=11.12003400
YKoord18=47.15143200
XKoord19=11.11937000
YKoord19=47.15120300
XKoord20=11.11869900
YKoord20=47.15090000
XKoord21=11.11690700
YKoord21=47.15061900
XKoord22=11.11512400
YKoord22=47.15056100
XKoord23=11.11397100
YKoord23=47.15060500
XKoord24=11.11287900
YKoord24=47.15051300
XKoord25=11.11122800
YKoord25=47.14975000
XKoord26=11.11052500
YKoord26=47.14947000
XKoord27=11.10963200
YKoord27=47.14929000
XKoord28=11.10775700
YKoord28=47.14941500
XKoord29=11.10591800
YKoord29=47.14960600
XKoord30=11.10500400
YKoord30=47.14984800
XKoord31=11.10400300
YKoord31=47.15049000
XKoord32=11.10282900
YKoord32=47.15082700
XKoord33=11.10203600
YKoord33=47.15079600
XKoord34=11.10122900
YKoord34=47.15123900
XKoord35=11.09957900
YKoord35=47.15205600
XKoord36=11.09884000
YKoord36=47.15254200
XKoord37=11.09854900
YKoord37=47.15270500
XKoord38=11.09796500
YKoord38=47.15377300
XKoord39=11.09742400
YKoord39=47.15427800
XKoord40=11.09698200
YKoord40=47.15478100
XKoord41=11.09657100
YKoord41=47.15521600
XKoord42=11.09616200
YKoord42=47.15574100
XKoord43=11.09566200
YKoord43=47.15642500
[Symbol 2]
Typ=6
Group=2
Width=20
Height=20
Dir=100
Art=1
Col=2
Zoom=1
Size=102
Area=2
XKoord=11.13334600
YKoord=47.14921500
[Overlay]
Symbols=2
[MapLage]
MapName=ÖK50-West
DimmFc=100
ZoomFc=100
CenterLat=47.14918900
CenterLong=11.13330600
RefOn=1
RefLat=47.14918900
RefLong=11.13330600
