[Symbol 1]
Typ=3
Group=1
Col=8
Zoom=1
Size=105
Art=1
Punkte=64
XKoord0=11.13817800
YKoord0=47.13047700
XKoord1=11.13896100
YKoord1=47.13063100
XKoord2=11.13946300
YKoord2=47.13080700
XKoord3=11.13989800
YKoord3=47.13190700
XKoord4=11.14026900
YKoord4=47.13259000
XKoord5=11.14041200
YKoord5=47.13320100
XKoord6=11.14073700
YKoord6=47.13388200
XKoord7=11.14121300
YKoord7=47.13440900
XKoord8=11.14192500
YKoord8=47.13491200
XKoord9=11.14263700
YKoord9=47.13541400
XKoord10=11.14267000
YKoord10=47.13560700
XKoord11=11.14297100
YKoord11=47.13596800
XKoord12=11.14323000
YKoord12=47.13562600
XKoord13=11.14355700
YKoord13=47.13691400
XKoord14=11.14376300
YKoord14=47.13730300
XKoord15=11.14427200
YKoord15=47.13802300
XKoord16=11.14549700
YKoord16=47.13854300
XKoord17=11.14713300
YKoord17=47.13856600
XKoord18=11.14837400
YKoord18=47.13886300
XKoord19=11.14934600
YKoord19=47.13835300
XKoord20=11.14940700
YKoord20=47.13816400
XKoord21=11.14981700
YKoord21=47.13766700
XKoord22=11.15011000
YKoord22=47.13684700
XKoord23=11.14980600
YKoord23=47.13587900
XKoord24=11.14955300
YKoord24=47.13548800
XKoord25=11.15104200
YKoord25=47.13301700
XKoord26=11.15214400
YKoord26=47.13200100
XKoord27=11.15375700
YKoord27=47.13103400
XKoord28=11.15422700
YKoord28=47.13034700
XKoord29=11.15491700
YKoord29=47.12922100
XKoord30=11.15552400
YKoord30=47.12793300
XKoord31=11.15695200
YKoord31=47.12629000
XKoord32=11.15764800
YKoord32=47.12571500
XKoord33=11.15811900
YKoord33=47.12566700
XKoord34=11.15830200
YKoord34=47.12442800
XKoord35=11.15874900
YKoord35=47.12406000
XKoord36=11.15861100
YKoord36=47.12338500
XKoord37=11.15868700
YKoord37=47.12297300
XKoord38=11.15925900
YKoord38=47.12283300
XKoord39=11.16047800
YKoord39=47.12277800
XKoord40=11.16177500
YKoord40=47.12294900
XKoord41=11.16251700
YKoord41=47.12303800
XKoord42=11.16384400
YKoord42=47.12279500
XKoord43=11.16521400
YKoord43=47.12194700
XKoord44=11.16639500
YKoord44=47.12112500
XKoord45=11.16665100
YKoord45=47.12081500
XKoord46=11.16631000
YKoord46=47.12035600
XKoord47=11.16585200
YKoord47=47.11957500
XKoord48=11.16535900
YKoord48=47.11863300
XKoord49=11.16503400
YKoord49=47.11795200
XKoord50=11.16466300
YKoord50=47.11790800
XKoord51=11.16444000
YKoord51=47.11710200
XKoord52=11.16416800
YKoord52=47.11699700
XKoord53=11.16385800
YKoord53=47.11740200
XKoord54=11.16348700
YKoord54=47.11735700
XKoord55=11.16319300
YKoord55=47.11753900
XKoord56=11.16286400
YKoord56=47.11692200
XKoord57=11.16226900
YKoord57=47.11674200
XKoord58=11.16200100
YKoord58=47.11657400
XKoord59=11.16206100
YKoord59=47.11638400
XKoord60=11.16167900
YKoord60=47.11649900
XKoord61=11.16098100
YKoord61=47.11580500
XKoord62=11.16071200
YKoord62=47.11563700
XKoord63=11.15974700
YKoord63=47.11541300
[Overlay]
Symbols=1
[MapLage]
MapName=ÖK50-West
DimmFc=100
ZoomFc=100
CenterLat=47.13047700
CenterLong=11.13817800
RefOn=1
RefLat=47.13047700
RefLong=11.13817800
