[Symbol 1]
Typ=3
Group=1
Col=8
Zoom=1
Size=105
Art=1
Punkte=37
XKoord0=11.13893200
YKoord0=47.13061400
XKoord1=11.13840200
YKoord1=47.12876100
XKoord2=11.13825600
YKoord2=47.12700400
XKoord3=11.13791100
YKoord3=47.12406100
XKoord4=11.13649900
YKoord4=47.12098300
XKoord5=11.13578300
YKoord5=47.11825400
XKoord6=11.13521700
YKoord6=47.11547000
XKoord7=11.13547600
YKoord7=47.11437900
XKoord8=11.13503700
YKoord8=47.11288600
XKoord9=11.13513600
YKoord9=47.10967600
XKoord10=11.13477800
YKoord10=47.10828600
XKoord11=11.13517000
YKoord11=47.10672600
XKoord12=11.13284100
YKoord12=47.10345800
XKoord13=11.13181800
YKoord13=47.10249400
XKoord14=11.13291000
YKoord14=47.10138700
XKoord15=11.13211100
YKoord15=47.09845200
XKoord16=11.13228900
YKoord16=47.09720700
XKoord17=11.13378000
YKoord17=47.09661000
XKoord18=11.13519100
YKoord18=47.09596000
XKoord19=11.13585200
YKoord19=47.09543000
XKoord20=11.13480500
YKoord20=47.09389700
XKoord21=11.13454100
YKoord21=47.09297100
XKoord22=11.13065600
YKoord22=47.09055900
XKoord23=11.12909700
YKoord23=47.08945000
XKoord24=11.12399100
YKoord24=47.08871700
XKoord25=11.12068300
YKoord25=47.08934800
XKoord26=11.11971300
YKoord26=47.08972800
XKoord27=11.11912000
YKoord27=47.09004900
XKoord28=11.11823000
YKoord28=47.09053100
XKoord29=11.11763600
YKoord29=47.09085300
XKoord30=11.11575400
YKoord30=47.09114600
XKoord31=11.11444200
YKoord31=47.09055000
XKoord32=11.11394300
YKoord32=47.08942000
XKoord33=11.11389200
YKoord33=47.08812800
XKoord34=11.11272800
YKoord34=47.08742500
XKoord35=11.11152000
YKoord35=47.08755100
XKoord36=11.11087600
YKoord36=47.08849400
[Overlay]
Symbols=1
[MapLage]
MapName=ÖK50-West
DimmFc=100
ZoomFc=100
CenterLat=47.13061400
CenterLong=11.13893200
RefOn=1
RefLat=47.13061400
RefLong=11.13893200
