[Symbol 1]
Typ=3
Group=1
Col=8
Zoom=1
Size=105
Art=1
Punkte=34
XKoord0=11.13886600
YKoord0=47.13063200
XKoord1=11.13880000
YKoord1=47.12973000
XKoord2=11.13829200
YKoord2=47.12854300
XKoord3=11.13813700
YKoord3=47.12705300
XKoord4=11.13809300
YKoord4=47.12583600
XKoord5=11.13694600
YKoord5=47.12255700
XKoord6=11.13650900
YKoord6=47.12118600
XKoord7=11.13726000
YKoord7=47.12018200
XKoord8=11.13802200
YKoord8=47.11944800
XKoord9=11.13931600
YKoord9=47.11883900
XKoord10=11.14181100
YKoord10=47.11861200
XKoord11=11.14345100
YKoord11=47.11840200
XKoord12=11.14535400
YKoord12=47.11818600
XKoord13=11.14672100
YKoord13=47.11775600
XKoord14=11.14711800
YKoord14=47.11682500
XKoord15=11.14696000
YKoord15=47.11628000
XKoord16=11.14644700
YKoord16=47.11587100
XKoord17=11.14665300
YKoord17=47.11505500
XKoord18=11.14662100
YKoord18=47.11528300
XKoord19=11.14727600
YKoord19=47.11372600
XKoord20=11.14736100
YKoord20=47.11255800
XKoord21=11.14766300
YKoord21=47.11202900
XKoord22=11.14890400
YKoord22=47.11126000
XKoord23=11.15040900
YKoord23=47.10960100
XKoord24=11.15281400
YKoord24=47.10824200
XKoord25=11.15540000
YKoord25=47.10711400
XKoord26=11.15778800
YKoord26=47.10597900
XKoord27=11.16101700
YKoord27=47.10415300
XKoord28=11.16174900
YKoord28=47.10314200
XKoord29=11.16250800
YKoord29=47.10267300
XKoord30=11.16225400
YKoord30=47.10162900
XKoord31=11.16196000
YKoord31=47.10112400
XKoord32=11.16124700
YKoord32=47.10096500
XKoord33=11.16045800
YKoord33=47.10093900
[Overlay]
Symbols=1
[MapLage]
MapName=ÖK50-West
DimmFc=100
ZoomFc=100
CenterLat=47.13063200
CenterLong=11.13886600
RefOn=1
RefLat=47.13063200
RefLong=11.13886600
