[Symbol 1]
Typ=3
Group=1
Col=8
Zoom=1
Size=105
Art=1
Punkte=43
XKoord0=11.13864400
YKoord0=47.13069400
XKoord1=11.13798300
YKoord1=47.13063900
XKoord2=11.13720100
YKoord2=47.12923600
XKoord3=11.13524800
YKoord3=47.12819200
XKoord4=11.13451300
YKoord4=47.12712600
XKoord5=11.13344100
YKoord5=47.12588600
XKoord6=11.13333700
YKoord6=47.12658600
XKoord7=11.13311100
YKoord7=47.12670200
XKoord8=11.13216800
YKoord8=47.12620300
XKoord9=11.13152400
YKoord9=47.12657500
XKoord10=11.13112400
YKoord10=47.12727900
XKoord11=11.13067700
YKoord11=47.12764800
XKoord12=11.12778600
YKoord12=47.12707100
XKoord13=11.12754300
YKoord13=47.12759300
XKoord14=11.12656900
YKoord14=47.12713900
XKoord15=11.12624800
YKoord15=47.12734800
XKoord16=11.12502400
YKoord16=47.12725800
XKoord17=11.12369200
YKoord17=47.12690000
XKoord18=11.12237900
YKoord18=47.12622700
XKoord19=11.12046400
YKoord19=47.12615000
XKoord20=11.11857200
YKoord20=47.12663500
XKoord21=11.11656800
YKoord21=47.12680700
XKoord22=11.11498800
YKoord22=47.12685900
XKoord23=11.11333100
YKoord23=47.12747400
XKoord24=11.11344000
YKoord24=47.12774200
XKoord25=11.11220100
YKoord25=47.12808000
XKoord26=11.10924700
YKoord26=47.12840400
XKoord27=11.10617400
YKoord27=47.12904600
XKoord28=11.10569700
YKoord28=47.12950500
XKoord29=11.10432600
YKoord29=47.12899000
XKoord30=11.10345800
YKoord30=47.12871300
XKoord31=11.10197200
YKoord31=47.12865100
XKoord32=11.10032100
YKoord32=47.12775900
XKoord33=11.09944700
YKoord33=47.12647000
XKoord34=11.09876200
YKoord34=47.12499700
XKoord35=11.09847500
YKoord35=47.12439500
XKoord36=11.09726300
YKoord36=47.12374300
XKoord37=11.09641400
YKoord37=47.12312800
XKoord38=11.09670200
YKoord38=47.12289800
XKoord39=11.09583900
YKoord39=47.12275600
XKoord40=11.09540300
YKoord40=47.12256200
XKoord41=11.09497300
YKoord41=47.12252500
XKoord42=11.09474000
YKoord42=47.12246100
[Overlay]
Symbols=1
[MapLage]
MapName=ÖK50-West
DimmFc=100
ZoomFc=100
CenterLat=47.13069400
CenterLong=11.13864400
RefOn=1
RefLat=47.13069400
RefLong=11.13864400
