[Symbol 1]
Typ=3
Group=1
Col=8
Zoom=1
Size=105
Art=1
Punkte=42
XKoord0=11.14417400
YKoord0=47.17086000
XKoord1=11.14481900
YKoord1=47.17164800
XKoord2=11.14682300
YKoord2=47.17241700
XKoord3=11.14963100
YKoord3=47.17305400
XKoord4=11.14932800
YKoord4=47.17272500
XKoord5=11.14956800
YKoord5=47.17263700
XKoord6=11.14897700
YKoord6=47.17175600
XKoord7=11.14938200
YKoord7=47.17132300
XKoord8=11.14951500
YKoord8=47.17078500
XKoord9=11.15060900
YKoord9=47.16989600
XKoord10=11.15075500
YKoord10=47.16852800
XKoord11=11.15168500
YKoord11=47.16795300
XKoord12=11.15224500
YKoord12=47.16733400
XKoord13=11.15291900
YKoord13=47.16706900
XKoord14=11.15402300
YKoord14=47.16863800
XKoord15=11.15458800
YKoord15=47.16923200
XKoord16=11.15610300
YKoord16=47.16963400
XKoord17=11.15823000
YKoord17=47.16999200
XKoord18=11.15972600
YKoord18=47.17001100
XKoord19=11.16110800
YKoord19=47.16967400
XKoord20=11.16114000
YKoord20=47.16922800
XKoord21=11.16211100
YKoord21=47.16938900
XKoord22=11.16312500
YKoord22=47.16961400
XKoord23=11.16507600
YKoord23=47.16980700
XKoord24=11.16613000
YKoord24=47.17013000
XKoord25=11.16703600
YKoord25=47.17054300
XKoord26=11.16748200
YKoord26=47.17084500
XKoord27=11.16856000
YKoord27=47.17081800
XKoord28=11.17017400
YKoord28=47.17115900
XKoord29=11.17084900
YKoord29=47.17153300
XKoord30=11.17196600
YKoord30=47.17227200
XKoord31=11.17332100
YKoord31=47.17295600
XKoord32=11.17507700
YKoord32=47.17390800
XKoord33=11.17576500
YKoord33=47.17476100
XKoord34=11.17663900
YKoord34=47.17562000
XKoord35=11.17733200
YKoord35=47.17640900
XKoord36=11.17822900
YKoord36=47.17695000
XKoord37=11.17930300
YKoord37=47.17698500
XKoord38=11.17956600
YKoord38=47.17657900
XKoord39=11.17990700
YKoord39=47.17639900
XKoord40=11.18117400
YKoord40=47.17634600
XKoord41=11.18134200
YKoord41=47.17596800
[Overlay]
Symbols=1
[MapLage]
MapName=ÖK50-West
DimmFc=100
ZoomFc=100
CenterLat=47.17086000
CenterLong=11.14417400
RefOn=1
RefLat=47.17086000
RefLong=11.14417400
