[Symbol 1]
Typ=3
Group=1
Col=8
Zoom=1
Size=105
Art=1
Punkte=36
XKoord0=11.13902200
YKoord0=47.13045700
XKoord1=11.13834600
YKoord1=47.12871100
XKoord2=11.13796300
YKoord2=47.12483700
XKoord3=11.13660000
YKoord3=47.12108500
XKoord4=11.13580800
YKoord4=47.11835700
XKoord5=11.13524000
YKoord5=47.11552200
XKoord6=11.13494900
YKoord6=47.11392300
XKoord7=11.13214700
YKoord7=47.11211300
XKoord8=11.12911600
YKoord8=47.11211800
XKoord9=11.12653000
YKoord9=47.11190700
XKoord10=11.12366300
YKoord10=47.11221900
XKoord11=11.12048200
YKoord11=47.11227800
XKoord12=11.11545800
YKoord12=47.11175000
XKoord13=11.11146600
YKoord13=47.11047800
XKoord14=11.10421000
YKoord14=47.10714500
XKoord15=11.10172600
YKoord15=47.10556400
XKoord16=11.10024800
YKoord16=47.10652300
XKoord17=11.10008200
YKoord17=47.10809600
XKoord18=11.09751700
YKoord18=47.10838400
XKoord19=11.09473800
YKoord19=47.10902200
XKoord20=11.09079900
YKoord20=47.10909400
XKoord21=11.08516900
YKoord21=47.10852400
XKoord22=11.08191800
YKoord22=47.10873900
XKoord23=11.07797000
YKoord23=47.10855200
XKoord24=11.07608000
YKoord24=47.10868900
XKoord25=11.07408700
YKoord25=47.10810500
XKoord26=11.07223900
YKoord26=47.10736200
XKoord27=11.07034700
YKoord27=47.10743000
XKoord28=11.06872700
YKoord28=47.10864900
XKoord29=11.06877300
YKoord29=47.10983800
XKoord30=11.06882600
YKoord30=47.11120100
XKoord31=11.06892700
YKoord31=47.11185400
XKoord32=11.06796500
YKoord32=47.11244000
XKoord33=11.06593100
YKoord33=47.11278700
XKoord34=11.06394400
YKoord34=47.11235800
XKoord35=11.06260900
YKoord35=47.11114000
[Overlay]
Symbols=1
[MapLage]
MapName=ÖK50-West
DimmFc=100
ZoomFc=100
CenterLat=47.13045700
CenterLong=11.13902200
RefOn=1
RefLat=47.13045700
RefLong=11.13902200
