[Symbol 1]
Typ=3
Group=1
Col=8
Zoom=1
Size=105
Art=1
Punkte=30
XKoord0=11.13305800
YKoord0=47.14942100
XKoord1=11.13263600
YKoord1=47.14880000
XKoord2=11.13164100
YKoord2=47.14831900
XKoord3=11.13145900
YKoord3=47.14824900
XKoord4=11.13165500
YKoord4=47.14812800
XKoord5=11.13212400
YKoord5=47.14811200
XKoord6=11.13213600
YKoord6=47.14795300
XKoord7=11.13102500
YKoord7=47.14715000
XKoord8=11.12813800
YKoord8=47.14568000
XKoord9=11.12665800
YKoord9=47.14543800
XKoord10=11.12297200
YKoord10=47.14467500
XKoord11=11.12193100
YKoord11=47.14419300
XKoord12=11.11959500
YKoord12=47.14286900
XKoord13=11.11627900
YKoord13=47.14151200
XKoord14=11.11413300
YKoord14=47.14080000
XKoord15=11.11163400
YKoord15=47.13979000
XKoord16=11.10921900
YKoord16=47.13891000
XKoord17=11.10722900
YKoord17=47.13798000
XKoord18=11.10561700
YKoord18=47.13636200
XKoord19=11.10362000
YKoord19=47.13425100
XKoord20=11.10394600
YKoord20=47.13362400
XKoord21=11.10424200
YKoord21=47.13277200
XKoord22=11.10424900
YKoord22=47.13203900
XKoord23=11.10343800
YKoord23=47.13162800
XKoord24=11.10166000
YKoord24=47.13163100
XKoord25=11.09979900
YKoord25=47.13214200
XKoord26=11.09847400
YKoord26=47.13235200
XKoord27=11.09738100
YKoord27=47.13234700
XKoord28=11.09582600
YKoord28=47.13187900
XKoord29=11.09500200
YKoord29=47.13162700
[Overlay]
Symbols=1
[MapLage]
MapName=ÖK50-West
DimmFc=100
ZoomFc=100
CenterLat=47.14942100
CenterLong=11.13305800
RefOn=1
RefLat=47.14942100
RefLong=11.13305800
