[Symbol 1]
Typ=3
Group=1
Col=8
Zoom=1
Size=105
Art=1
Punkte=39
XKoord0=11.77576800
YKoord0=47.26836800
XKoord1=11.77499700
YKoord1=47.26753200
XKoord2=11.77434400
YKoord2=47.26768300
XKoord3=11.77331800
YKoord3=47.26703300
XKoord4=11.77283700
YKoord4=47.26668400
XKoord5=11.77216800
YKoord5=47.26652100
XKoord6=11.77163300
YKoord6=47.26639900
XKoord7=11.77067600
YKoord7=47.26579200
XKoord8=11.77012200
YKoord8=47.26531000
XKoord9=11.76928700
YKoord9=47.26452100
XKoord10=11.76758000
YKoord10=47.26348200
XKoord11=11.76552300
YKoord11=47.26204700
XKoord12=11.76473100
YKoord12=47.26080600
XKoord13=11.76354800
YKoord13=47.25966500
XKoord14=11.76282200
YKoord14=47.25842200
XKoord15=11.76163700
YKoord15=47.25723600
XKoord16=11.76052000
YKoord16=47.25609300
XKoord17=11.75973100
YKoord17=47.25489700
XKoord18=11.75916300
YKoord18=47.25414600
XKoord19=11.75742400
YKoord19=47.25373800
XKoord20=11.75637700
YKoord20=47.25394300
XKoord21=11.75521000
YKoord21=47.25437600
XKoord22=11.75339400
YKoord22=47.25505000
XKoord23=11.75232100
YKoord23=47.25602000
XKoord24=11.75000500
YKoord24=47.25724600
XKoord25=11.74786200
YKoord25=47.25797200
XKoord26=11.74526200
YKoord26=47.25754000
XKoord27=11.74406900
YKoord27=47.25747800
XKoord28=11.74343500
YKoord28=47.25798900
XKoord29=11.74369800
YKoord29=47.25924200
XKoord30=11.74380800
YKoord30=47.26009400
XKoord31=11.74358100
YKoord31=47.26082000
XKoord32=11.74336100
YKoord32=47.26168000
XKoord33=11.74333700
YKoord33=47.26249000
XKoord34=11.74324700
YKoord34=47.26330300
XKoord35=11.74348900
YKoord35=47.26415200
XKoord36=11.74363200
YKoord36=47.26563300
XKoord37=11.74363100
YKoord37=47.26689300
XKoord38=11.74303600
YKoord38=47.26816700
[Overlay]
Symbols=1
[MapLage]
MapName=ÖK50-West
DimmFc=100
ZoomFc=100
CenterLat=47.26836800
CenterLong=11.77576800
RefOn=1
RefLat=47.26836800
RefLong=11.77576800
