[Symbol 1]
Typ=3
Group=1
Col=8
Zoom=1
Size=105
Art=1
Punkte=34
XKoord0=11.77647700
YKoord0=47.26530900
XKoord1=11.77699600
YKoord1=47.26511700
XKoord2=11.77759300
YKoord2=47.26388700
XKoord3=11.77804800
YKoord3=47.26374100
XKoord4=11.77991500
YKoord4=47.26027600
XKoord5=11.77979800
YKoord5=47.25928900
XKoord6=11.78045300
YKoord6=47.25792300
XKoord7=11.77941600
YKoord7=47.25830900
XKoord8=11.77994900
YKoord8=47.25712600
XKoord9=11.77902500
YKoord9=47.25588800
XKoord10=11.77890200
YKoord10=47.25481100
XKoord11=11.77781100
YKoord11=47.25416300
XKoord12=11.77811000
YKoord12=47.25231100
XKoord13=11.77803300
YKoord13=47.25208800
XKoord14=11.77854200
YKoord14=47.25171500
XKoord15=11.77779900
YKoord15=47.25015900
XKoord16=11.77859600
YKoord16=47.25022900
XKoord17=11.77934500
YKoord17=47.25085800
XKoord18=11.78025600
YKoord18=47.25121800
XKoord19=11.78332900
YKoord19=47.24975400
XKoord20=11.78569900
YKoord20=47.24942400
XKoord21=11.78715500
YKoord21=47.24821900
XKoord22=11.78952900
YKoord22=47.24748600
XKoord23=11.79043700
YKoord23=47.24727000
XKoord24=11.79101200
YKoord24=47.24689600
XKoord25=11.79159000
YKoord25=47.24656700
XKoord26=11.79276600
YKoord26=47.24631300
XKoord27=11.79458500
YKoord27=47.24572900
XKoord28=11.79613500
YKoord28=47.24380100
XKoord29=11.79681200
YKoord29=47.24284000
XKoord30=11.79829400
YKoord30=47.24212800
XKoord31=11.79972700
YKoord31=47.24299300
XKoord32=11.80080900
YKoord32=47.24346200
XKoord33=11.80128300
YKoord33=47.24367500
[Symbol 2]
Typ=6
Group=2
Width=20
Height=20
Dir=100
Art=1
Col=2
Zoom=1
Size=102
Area=2
XKoord=11.77649500
YKoord=47.26531600
[Overlay]
Symbols=2
[MapLage]
MapName=ÖK50-West
DimmFc=100
ZoomFc=100
CenterLat=47.26530900
CenterLong=11.77647700
RefOn=1
RefLat=47.26530900
RefLong=11.77647700
