[Symbol 1]
Typ=3
Group=1
Col=8
Zoom=1
Size=105
Art=1
Punkte=51
XKoord0=11.74324500
YKoord0=47.34288600
XKoord1=11.74339500
YKoord1=47.34322000
XKoord2=11.74429400
YKoord2=47.34334100
XKoord3=11.74466200
YKoord3=47.34339200
XKoord4=11.74502000
YKoord4=47.34360800
XKoord5=11.74623700
YKoord5=47.34261900
XKoord6=11.74685700
YKoord6=47.34116500
XKoord7=11.74780100
YKoord7=47.34022000
XKoord8=11.74808900
YKoord8=47.33940300
XKoord9=11.74975700
YKoord9=47.33837300
XKoord10=11.75092900
YKoord10=47.33800700
XKoord11=11.75152100
YKoord11=47.33792500
XKoord12=11.75181100
YKoord12=47.33715400
XKoord13=11.75260700
YKoord13=47.33654900
XKoord14=11.75412900
YKoord14=47.33590500
XKoord15=11.75503300
YKoord15=47.33545600
XKoord16=11.75510800
YKoord16=47.33432000
XKoord17=11.75560400
YKoord17=47.33367800
XKoord18=11.75708600
YKoord18=47.33227000
XKoord19=11.75900000
YKoord19=47.33089600
XKoord20=11.75964300
YKoord20=47.33054300
XKoord21=11.76181000
YKoord21=47.32959100
XKoord22=11.76248200
YKoord22=47.32914700
XKoord23=11.76255700
YKoord23=47.32867300
XKoord24=11.76252400
YKoord24=47.32804400
XKoord25=11.76268500
YKoord25=47.32732000
XKoord26=11.76220600
YKoord26=47.32701700
XKoord27=11.76179700
YKoord27=47.32680200
XKoord28=11.76087200
YKoord28=47.32682400
XKoord29=11.76169400
YKoord29=47.32608400
XKoord30=11.76152000
YKoord30=47.32593100
XKoord31=11.76028200
YKoord31=47.32629800
XKoord32=11.76065800
YKoord32=47.32588400
XKoord33=11.76118900
YKoord33=47.32528600
XKoord34=11.76228300
YKoord34=47.32494400
XKoord35=11.76248200
YKoord35=47.32496200
XKoord36=11.76267700
YKoord36=47.32426000
XKoord37=11.76416900
YKoord37=47.32305400
XKoord38=11.76319300
YKoord38=47.32208800
XKoord39=11.76143400
YKoord39=47.32071300
XKoord40=11.76057000
YKoord40=47.32001400
XKoord41=11.76000400
YKoord41=47.31930700
XKoord42=11.75986600
YKoord42=47.31856800
XKoord43=11.75984400
YKoord43=47.31814100
XKoord44=11.76049600
YKoord44=47.31796800
XKoord45=11.76195400
YKoord45=47.31737100
XKoord46=11.76224700
YKoord46=47.31727400
XKoord47=11.76276100
YKoord47=47.31673000
XKoord48=11.76351100
YKoord48=47.31653200
XKoord49=11.76465300
YKoord49=47.31621200
XKoord50=11.76480500
YKoord50=47.31659100
[Overlay]
Symbols=1
[MapLage]
MapName=ÖK50-West
DimmFc=100
ZoomFc=100
CenterLat=47.34288600
CenterLong=11.74324500
RefOn=1
RefLat=47.34288600
RefLong=11.74324500
