[Symbol 1]
Typ=3
Group=1
Col=8
Zoom=1
Size=105
Art=1
Punkte=15
XKoord0=11.77534400
YKoord0=47.28606800
XKoord1=11.77457300
YKoord1=47.28649100
XKoord2=11.77391500
YKoord2=47.28655200
XKoord3=11.77296900
YKoord3=47.28617000
XKoord4=11.77086000
YKoord4=47.28631100
XKoord5=11.77056100
YKoord5=47.28690300
XKoord6=11.76938600
YKoord6=47.28720200
XKoord7=11.76799700
YKoord7=47.28719000
XKoord8=11.76549200
YKoord8=47.28608100
XKoord9=11.76330100
YKoord9=47.28590900
XKoord10=11.76269200
YKoord10=47.28691400
XKoord11=11.76131400
YKoord11=47.28838700
XKoord12=11.76100500
YKoord12=47.28879900
XKoord13=11.75964800
YKoord13=47.28941700
XKoord14=11.75915200
YKoord14=47.29005900
[Overlay]
Symbols=1
[MapLage]
MapName=ÖK50-West
DimmFc=100
ZoomFc=100
CenterLat=47.28606800
CenterLong=11.77534400
RefOn=1
RefLat=47.28606800
RefLong=11.77534400
