[Symbol 1]
Typ=3
Group=1
Col=8
Zoom=1
Size=105
Art=1
Punkte=25
XKoord0=11.77748000
YKoord0=47.26438000
XKoord1=11.77992300
YKoord1=47.26054100
XKoord2=11.78007800
YKoord2=47.25846800
XKoord3=11.78000800
YKoord3=47.25712000
XKoord4=11.77869300
YKoord4=47.25472200
XKoord5=11.77769800
YKoord5=47.25339600
XKoord6=11.77817500
YKoord6=47.24987500
XKoord7=11.77702500
YKoord7=47.24558300
XKoord8=11.77556400
YKoord8=47.24291900
XKoord9=11.77456000
YKoord9=47.24141300
XKoord10=11.77099300
YKoord10=47.23889000
XKoord11=11.77039500
YKoord11=47.23755400
XKoord12=11.77219500
YKoord12=47.23661100
XKoord13=11.77147900
YKoord13=47.23554800
XKoord14=11.77171000
YKoord14=47.23491300
XKoord15=11.77114000
YKoord15=47.23411700
XKoord16=11.77275700
YKoord16=47.23218800
XKoord17=11.77282800
YKoord17=47.23101600
XKoord18=11.77003400
YKoord18=47.23063400
XKoord19=11.76457300
YKoord19=47.22725600
XKoord20=11.76090800
YKoord20=47.22536500
XKoord21=11.75670200
YKoord21=47.22321600
XKoord22=11.75534500
YKoord22=47.22252900
XKoord23=11.75451100
YKoord23=47.22173900
XKoord24=11.75262700
YKoord24=47.22106400
[Overlay]
Symbols=1
[MapLage]
MapName=ÖK50-West
DimmFc=100
ZoomFc=100
CenterLat=47.26438000
CenterLong=11.77748000
RefOn=1
RefLat=47.26438000
RefLong=11.77748000
