[Symbol 1]
Typ=3
Group=1
Col=8
Zoom=1
Size=105
Art=1
Punkte=23
XKoord0=11.77571700
YKoord0=47.26947000
XKoord1=11.77525300
YKoord1=47.27008800
XKoord2=11.77532200
YKoord2=47.27204400
XKoord3=11.77635600
YKoord3=47.27348100
XKoord4=11.77616700
YKoord4=47.27492600
XKoord5=11.77477600
YKoord5=47.27612900
XKoord6=11.77448700
YKoord6=47.27755400
XKoord7=11.77350200
YKoord7=47.27832000
XKoord8=11.77343300
YKoord8=47.27953700
XKoord9=11.77177600
YKoord9=47.28198400
XKoord10=11.77078500
YKoord10=47.28263800
XKoord11=11.76973200
YKoord11=47.28336100
XKoord12=11.76835500
YKoord12=47.28357400
XKoord13=11.76629200
YKoord13=47.28333200
XKoord14=11.76417200
YKoord14=47.28261800
XKoord15=11.76213100
YKoord15=47.28089000
XKoord16=11.76139300
YKoord16=47.27814000
XKoord17=11.75971200
YKoord17=47.27633600
XKoord18=11.75879900
YKoord18=47.27593100
XKoord19=11.75770300
YKoord19=47.27330200
XKoord20=11.75716200
YKoord20=47.27241500
XKoord21=11.75661500
YKoord21=47.27206900
XKoord22=11.75564700
YKoord22=47.27188900
[Overlay]
Symbols=1
[MapLage]
MapName=ÖK50-West
DimmFc=100
ZoomFc=100
CenterLat=47.26947000
CenterLong=11.77571700
RefOn=1
RefLat=47.26947000
RefLong=11.77571700
