[Symbol 1]
Typ=3
Group=1
Col=8
Zoom=1
Size=105
Art=1
Punkte=30
XKoord0=11.77591400
YKoord0=47.26920200
XKoord1=11.77812900
YKoord1=47.27033500
XKoord2=11.77948500
YKoord2=47.27079600
XKoord3=11.78080800
YKoord3=47.27061600
XKoord4=11.78182800
YKoord4=47.27021200
XKoord5=11.78355300
YKoord5=47.27031900
XKoord6=11.78437500
YKoord6=47.27120500
XKoord7=11.78445400
YKoord7=47.27272000
XKoord8=11.78554400
YKoord8=47.27317100
XKoord9=11.78629600
YKoord9=47.27412600
XKoord10=11.78717300
YKoord10=47.27560400
XKoord11=11.78858000
YKoord11=47.27609800
XKoord12=11.78883000
YKoord12=47.27673500
XKoord13=11.79085300
YKoord13=47.27790600
XKoord14=11.79128200
YKoord14=47.27776300
XKoord15=11.79176700
YKoord15=47.27869100
XKoord16=11.79282900
YKoord16=47.27861600
XKoord17=11.79380800
YKoord17=47.27790000
XKoord18=11.79547100
YKoord18=47.27797800
XKoord19=11.79735700
YKoord19=47.27837700
XKoord20=11.80028900
YKoord20=47.27840500
XKoord21=11.80170900
YKoord21=47.27765100
XKoord22=11.80236200
YKoord22=47.27702400
XKoord23=11.80322000
YKoord23=47.27677000
XKoord24=11.80405600
YKoord24=47.27710900
XKoord25=11.80476100
YKoord25=47.27686100
XKoord26=11.80514700
YKoord26=47.27675900
XKoord27=11.80567500
YKoord27=47.27672300
XKoord28=11.80569500
YKoord28=47.27710200
XKoord29=11.80542100
YKoord29=47.27742200
[Overlay]
Symbols=1
[MapLage]
MapName=ÖK50-West
DimmFc=100
ZoomFc=100
CenterLat=47.26920200
CenterLong=11.77591400
RefOn=1
RefLat=47.26920200
RefLong=11.77591400
