[Symbol 1]
Typ=3
Group=1
Col=8
Zoom=1
Size=105
Art=1
Punkte=63
XKoord0=12.19980900
YKoord0=47.49760300
XKoord1=12.20041900
YKoord1=47.49724800
XKoord2=12.20099300
YKoord2=47.49741200
XKoord3=12.20130800
YKoord3=47.49713300
XKoord4=12.20178600
YKoord4=47.49626500
XKoord5=12.20238600
YKoord5=47.49575300
XKoord6=12.20223600
YKoord6=47.49546500
XKoord7=12.20201100
YKoord7=47.49504400
XKoord8=12.20211600
YKoord8=47.49459100
XKoord9=12.20249200
YKoord9=47.49422100
XKoord10=12.20268100
YKoord10=47.49405800
XKoord11=12.20355500
YKoord11=47.49423600
XKoord12=12.20375100
YKoord12=47.49418500
XKoord13=12.20373200
YKoord13=47.49387100
XKoord14=12.20453000
YKoord14=47.49389400
XKoord15=12.20523500
YKoord15=47.49403100
XKoord16=12.20586500
YKoord16=47.49401400
XKoord17=12.20611700
YKoord17=47.49378200
XKoord18=12.20638700
YKoord18=47.49386400
XKoord19=12.20664000
YKoord19=47.49365500
XKoord20=12.20735000
YKoord20=47.49332000
XKoord21=12.20816800
YKoord21=47.49367900
XKoord22=12.20848600
YKoord22=47.49344500
XKoord23=12.20865800
YKoord23=47.49299100
XKoord24=12.20979300
YKoord24=47.49255400
XKoord25=12.21039200
YKoord25=47.49258200
XKoord26=12.21104800
YKoord26=47.49245100
XKoord27=12.21122500
YKoord27=47.49208600
XKoord28=12.21120700
YKoord28=47.49179400
XKoord29=12.21140700
YKoord29=47.49127100
XKoord30=12.21252600
YKoord30=47.49056500
XKoord31=12.21371800
YKoord31=47.48996900
XKoord32=12.21378200
YKoord32=47.49048500
XKoord33=12.21371600
YKoord33=47.49102700
XKoord34=12.21385900
YKoord34=47.49120200
XKoord35=12.21470200
YKoord35=47.49086400
XKoord36=12.21571000
YKoord36=47.49106100
XKoord37=12.21663200
YKoord37=47.49094500
XKoord38=12.21885900
YKoord38=47.49045500
XKoord39=12.22036700
YKoord39=47.49014200
XKoord40=12.22216200
YKoord40=47.49018200
XKoord41=12.22292400
YKoord41=47.49016000
XKoord42=12.22421200
YKoord42=47.49005700
XKoord43=12.22563900
YKoord43=47.49027000
XKoord44=12.22630600
YKoord44=47.49031900
XKoord45=12.22756600
YKoord45=47.49084500
XKoord46=12.22846500
YKoord46=47.49088800
XKoord47=12.22947700
YKoord47=47.49061200
XKoord48=12.23050600
YKoord48=47.49006500
XKoord49=12.23178800
YKoord49=47.48987200
XKoord50=12.23263300
YKoord50=47.48957800
XKoord51=12.23317000
YKoord51=47.48967500
XKoord52=12.23322500
YKoord52=47.49003300
XKoord53=12.23374600
YKoord53=47.48986100
XKoord54=12.23452300
YKoord54=47.48954700
XKoord55=12.23522000
YKoord55=47.48955000
XKoord56=12.23682200
YKoord56=47.49022400
XKoord57=12.23933100
YKoord57=47.49107600
XKoord58=12.24066500
YKoord58=47.49171300
XKoord59=12.24059100
YKoord59=47.49214300
XKoord60=12.24045800
YKoord60=47.49266400
XKoord61=12.24033300
YKoord61=47.49280200
XKoord62=12.24176400
YKoord62=47.49279100
[Overlay]
Symbols=1
[MapLage]
MapName=ÖK50-West
DimmFc=100
ZoomFc=100
CenterLat=47.49760300
CenterLong=12.19980900
RefOn=1
RefLat=47.49760300
RefLong=12.19980900
