[Symbol 1]
Typ=3
Group=1
Col=8
Zoom=1
Size=105
Art=1
Punkte=49
XKoord0=12.31950700
YKoord0=47.54161500
XKoord1=12.31908300
YKoord1=47.54225700
XKoord2=12.31875500
YKoord2=47.54285100
XKoord3=12.31861100
YKoord3=47.54425000
XKoord4=12.31975800
YKoord4=47.54662400
XKoord5=12.31998900
YKoord5=47.54713500
XKoord6=12.32049900
YKoord6=47.54732300
XKoord7=12.32087000
YKoord7=47.54792000
XKoord8=12.32184500
YKoord8=47.54863400
XKoord9=12.32309100
YKoord9=47.54889000
XKoord10=12.32314800
YKoord10=47.54927100
XKoord11=12.32330100
YKoord11=47.54958100
XKoord12=12.32397000
YKoord12=47.54965200
XKoord13=12.32426400
YKoord13=47.55009300
XKoord14=12.32456000
YKoord14=47.55109700
XKoord15=12.32461500
YKoord15=47.55197300
XKoord16=12.32450200
YKoord16=47.55251700
XKoord17=12.32356400
YKoord17=47.55292700
XKoord18=12.32278000
YKoord18=47.55313000
XKoord19=12.32249700
YKoord19=47.55338500
XKoord20=12.32252500
YKoord20=47.55383400
XKoord21=12.32236400
YKoord21=47.55444700
XKoord22=12.32244500
YKoord22=47.55518700
XKoord23=12.32304800
YKoord23=47.55631700
XKoord24=12.32332700
YKoord24=47.55705100
XKoord25=12.32315100
YKoord25=47.55741600
XKoord26=12.32255400
YKoord26=47.55797300
XKoord27=12.32180500
YKoord27=47.55873700
XKoord28=12.32119400
YKoord28=47.55958800
XKoord29=12.32084600
YKoord29=47.56038500
XKoord30=12.32056100
YKoord30=47.56113600
XKoord31=12.32110700
YKoord31=47.56188500
XKoord32=12.32166600
YKoord32=47.56231900
XKoord33=12.32194400
YKoord33=47.56251300
XKoord34=12.32160600
YKoord34=47.56346800
XKoord35=12.32120600
YKoord35=47.56397400
XKoord36=12.32105700
YKoord36=47.56440700
XKoord37=12.32096600
YKoord37=47.56506200
XKoord38=12.32071700
YKoord38=47.56585700
XKoord39=12.32133200
YKoord39=47.56613100
XKoord40=12.32233600
YKoord40=47.56623700
XKoord41=12.32257700
YKoord41=47.56688300
XKoord42=12.32291700
YKoord42=47.56700800
XKoord43=12.32328900
YKoord43=47.56711000
XKoord44=12.32358300
YKoord44=47.56755100
XKoord45=12.32376900
YKoord45=47.56786100
XKoord46=12.32408200
YKoord46=47.56807600
XKoord47=12.32417700
YKoord47=47.56852400
XKoord48=12.32423200
YKoord48=47.56888200
[Symbol 2]
Typ=6
Group=2
Width=20
Height=20
Dir=100
Art=1
Col=2
Zoom=1
Size=102
Area=2
XKoord=12.31961200
YKoord=47.54150400
[Overlay]
Symbols=2
[MapLage]
MapName=Top. Karte 1:50000 Bayern (Süd)
DimmFc=100
ZoomFc=100
CenterLat=47.54161500
CenterLong=12.31950700
RefOn=1
RefLat=47.54161500
RefLong=12.31950700
