[Symbol 1]
Typ=3
Group=1
Col=8
Zoom=1
Size=105
Art=1
Punkte=47
XKoord0=12.38214200
YKoord0=47.59590600
XKoord1=12.37940800
YKoord1=47.59580700
XKoord2=12.37787100
YKoord2=47.59776400
XKoord3=12.37506800
YKoord3=47.59865700
XKoord4=12.37359900
YKoord4=47.59908300
XKoord5=12.37142800
YKoord5=47.59894400
XKoord6=12.37016700
YKoord6=47.59900300
XKoord7=12.36799100
YKoord7=47.59929200
XKoord8=12.36707700
YKoord8=47.60008400
XKoord9=12.36593500
YKoord9=47.60095000
XKoord10=12.36511700
YKoord10=47.60115400
XKoord11=12.36504200
YKoord11=47.60102100
XKoord12=12.36561900
YKoord12=47.60017200
XKoord13=12.36581300
YKoord13=47.59955900
XKoord14=12.36592900
YKoord14=47.59930800
XKoord15=12.36486400
YKoord15=47.60032900
XKoord16=12.36355900
YKoord16=47.60072800
XKoord17=12.36060600
YKoord17=47.60083700
XKoord18=12.35970300
YKoord18=47.60077300
XKoord19=12.35847400
YKoord19=47.59975200
XKoord20=12.35571200
YKoord20=47.59974300
XKoord21=12.35779700
YKoord21=47.59905200
XKoord22=12.35263700
YKoord22=47.59846000
XKoord23=12.35202900
YKoord23=47.59832100
XKoord24=12.35089300
YKoord24=47.59824100
XKoord25=12.34653100
YKoord25=47.59835100
XKoord26=12.34376700
YKoord26=47.59829600
XKoord27=12.34198600
YKoord27=47.59801100
XKoord28=12.33999000
YKoord28=47.59800200
XKoord29=12.33756500
YKoord29=47.59753200
XKoord30=12.33251100
YKoord30=47.59651000
XKoord31=12.32369900
YKoord31=47.59654100
XKoord32=12.32252400
YKoord32=47.59637200
XKoord33=12.32161400
YKoord33=47.59671300
XKoord34=12.32094900
YKoord34=47.59671000
XKoord35=12.32067300
YKoord35=47.59656100
XKoord36=12.32074600
YKoord36=47.59561400
XKoord37=12.32122900
YKoord37=47.59483500
XKoord38=12.32185000
YKoord38=47.59414200
XKoord39=12.32301400
YKoord39=47.59361300
XKoord40=12.32251900
YKoord40=47.59315500
XKoord41=12.32199900
YKoord41=47.59281000
XKoord42=12.32203200
YKoord42=47.59229200
XKoord43=12.32301500
YKoord43=47.59206100
XKoord44=12.32372300
YKoord44=47.59219800
XKoord45=12.32419600
YKoord45=47.59231900
XKoord46=12.32412500
YKoord46=47.59225400
[Overlay]
Symbols=1
[MapLage]
MapName=Top. Karte 1:50000 Bayern (Süd)
DimmFc=100
ZoomFc=100
CenterLat=47.59590600
CenterLong=12.38214200
RefOn=1
RefLat=47.59590600
RefLong=12.38214200
