[Symbol 1]
Typ=3
Group=1
Col=8
Zoom=1
Size=105
Art=1
Punkte=44
XKoord0=12.33108700
YKoord0=47.57995000
XKoord1=12.32976500
YKoord1=47.57956100
XKoord2=12.32949300
YKoord2=47.57945600
XKoord3=12.32936200
YKoord3=47.57896500
XKoord4=12.32915500
YKoord4=47.57885900
XKoord5=12.32843000
YKoord5=47.57894700
XKoord6=12.32780000
YKoord6=47.57898800
XKoord7=12.32726300
YKoord7=47.57943100
XKoord8=12.32640300
YKoord8=47.57950100
XKoord9=12.32576000
YKoord9=47.57931700
XKoord10=12.32510200
YKoord10=47.57890900
XKoord11=12.32476800
YKoord11=47.57835600
XKoord12=12.32470600
YKoord12=47.57790800
XKoord13=12.32500000
YKoord13=47.57729200
XKoord14=12.32499000
YKoord14=47.57661700
XKoord15=12.32512900
YKoord15=47.57618600
XKoord16=12.32626300
YKoord16=47.57624300
XKoord17=12.32690100
YKoord17=47.57581900
XKoord18=12.32743400
YKoord18=47.57479100
XKoord19=12.32840000
YKoord19=47.57429100
XKoord20=12.32856800
YKoord20=47.57379100
XKoord21=12.32855600
YKoord21=47.57307100
XKoord22=12.32871900
YKoord22=47.57250400
XKoord23=12.32861600
YKoord23=47.57192200
XKoord24=12.32860900
YKoord24=47.57129300
XKoord25=12.32946500
YKoord25=47.57063800
XKoord26=12.33062300
YKoord26=47.56950200
XKoord27=12.33118600
YKoord27=47.56842800
XKoord28=12.33160000
YKoord28=47.56760600
XKoord29=12.33271100
YKoord29=47.56707800
XKoord30=12.33316300
YKoord30=47.56649700
XKoord31=12.33399000
YKoord31=47.56591000
XKoord32=12.33504900
YKoord32=47.56531700
XKoord33=12.33639000
YKoord33=47.56444500
XKoord34=12.33697200
YKoord34=47.56366400
XKoord35=12.33661300
YKoord35=47.56324700
XKoord36=12.33696300
YKoord36=47.56195400
XKoord37=12.33873900
YKoord37=47.56113700
XKoord38=12.34053700
YKoord38=47.56014000
XKoord39=12.34165200
YKoord39=47.55938700
XKoord40=12.34206400
YKoord40=47.55906100
XKoord41=12.34240900
YKoord41=47.55873500
XKoord42=12.34273300
YKoord42=47.55861400
XKoord43=12.34302900
YKoord43=47.55856000
[Symbol 2]
Typ=6
Group=2
Width=20
Height=20
Dir=100
Art=1
Col=2
Zoom=1
Size=102
Area=2
XKoord=12.33108700
YKoord=47.57995000
[Overlay]
Symbols=2
[MapLage]
MapName=Top. Karte 1:50000 Bayern (Süd)
DimmFc=100
ZoomFc=100
CenterLat=47.57995000
CenterLong=12.33108700
RefOn=1
RefLat=47.57995000
RefLong=12.33108700
