[Symbol 1]
Typ=3
Group=1
Col=8
Zoom=1
Size=105
Art=1
Punkte=41
XKoord0=12.31732600
YKoord0=47.63482600
XKoord1=12.31696400
YKoord1=47.63436400
XKoord2=12.31682800
YKoord2=47.63380500
XKoord3=12.31670600
YKoord3=47.63293100
XKoord4=12.31610500
YKoord4=47.63236400
XKoord5=12.31547800
YKoord5=47.63193200
XKoord6=12.31561400
YKoord6=47.63145600
XKoord7=12.31627800
YKoord7=47.63089600
XKoord8=12.31718500
YKoord8=47.63051000
XKoord9=12.31847000
YKoord9=47.62977600
XKoord10=12.31861100
YKoord10=47.62936600
XKoord11=12.31946600
YKoord11=47.62920700
XKoord12=12.32116200
YKoord12=47.62814500
XKoord13=12.32207400
YKoord13=47.62782600
XKoord14=12.32278500
YKoord14=47.62749100
XKoord15=12.32268400
YKoord15=47.62695400
XKoord16=12.32249000
YKoord16=47.62599200
XKoord17=12.32289100
YKoord17=47.62496800
XKoord18=12.32254200
YKoord18=47.62419100
XKoord19=12.32181300
YKoord19=47.62371700
XKoord20=12.32028600
YKoord20=47.62324400
XKoord21=12.31955700
YKoord21=47.62277000
XKoord22=12.31937100
YKoord22=47.62246000
XKoord23=12.31935700
YKoord23=47.62171800
XKoord24=12.31938500
YKoord24=47.62005200
XKoord25=12.31907400
YKoord25=47.61882400
XKoord26=12.31875700
YKoord26=47.61802300
XKoord27=12.31711600
YKoord27=47.61755300
XKoord28=12.31616500
YKoord28=47.61724300
XKoord29=12.31529200
YKoord29=47.61659300
XKoord30=12.31400500
YKoord30=47.61622600
XKoord31=12.31252700
YKoord31=47.61653800
XKoord32=12.31164000
YKoord32=47.61672100
XKoord33=12.31123500
YKoord33=47.61716100
XKoord34=12.31051700
YKoord34=47.61738400
XKoord35=12.30874200
YKoord35=47.61718800
XKoord36=12.30884800
YKoord36=47.61781400
XKoord37=12.30905800
YKoord37=47.61850600
XKoord38=12.30914800
YKoord38=47.61888600
XKoord39=12.30967600
YKoord39=47.61934300
XKoord40=12.30964300
YKoord40=47.61934400
[Symbol 2]
Typ=6
Group=2
Width=20
Height=20
Dir=100
Art=1
Col=2
Zoom=1
Size=102
Area=2
XKoord=12.31737900
YKoord=47.63485000
[Overlay]
Symbols=2
[MapLage]
MapName=Top. Karte 1:50000 Bayern (Süd)
DimmFc=100
ZoomFc=100
CenterLat=47.63482600
CenterLong=12.31732600
RefOn=1
RefLat=47.63482600
RefLong=12.31732600
