[Symbol 1]
Typ=3
Group=1
Col=8
Zoom=1
Size=105
Art=1
Punkte=43
XKoord0=12.26612000
YKoord0=47.53626900
XKoord1=12.26691900
YKoord1=47.53791100
XKoord2=12.26745100
YKoord2=47.53951600
XKoord3=12.26763900
YKoord3=47.53987000
XKoord4=12.26805500
YKoord4=47.54015100
XKoord5=12.26833200
YKoord5=47.53978300
XKoord6=12.26851900
YKoord6=47.53959800
XKoord7=12.26905900
YKoord7=47.54025700
XKoord8=12.26951400
YKoord8=47.54116700
XKoord9=12.26957100
YKoord9=47.54208700
XKoord10=12.26942000
YKoord10=47.54231700
XKoord11=12.26950000
YKoord11=47.54253900
XKoord12=12.26916900
YKoord12=47.54308900
XKoord13=12.26815900
YKoord13=47.54449000
XKoord14=12.26765900
YKoord14=47.54499900
XKoord15=12.26780600
YKoord15=47.54576000
XKoord16=12.26749000
YKoord16=47.54652500
XKoord17=12.26594000
YKoord17=47.54778400
XKoord18=12.26481600
YKoord18=47.54840100
XKoord19=12.26232400
YKoord19=47.54948500
XKoord20=12.26142100
YKoord20=47.54991500
XKoord21=12.26096800
YKoord21=47.55172800
XKoord22=12.26046700
YKoord22=47.55329500
XKoord23=12.26134500
YKoord23=47.55457500
XKoord24=12.26184800
YKoord24=47.55465000
XKoord25=12.26332700
YKoord25=47.55492300
XKoord26=12.26257900
YKoord26=47.55624900
XKoord27=12.26292900
YKoord27=47.55707200
XKoord28=12.26584900
YKoord28=47.55806800
XKoord29=12.26738800
YKoord29=47.55822700
XKoord30=12.26859000
YKoord30=47.55824100
XKoord31=12.27011500
YKoord31=47.55817500
XKoord32=12.27114300
YKoord32=47.55969500
XKoord33=12.27210400
YKoord33=47.56018500
XKoord34=12.27278400
YKoord34=47.56095400
XKoord35=12.27315900
YKoord35=47.56164000
XKoord36=12.27405000
YKoord36=47.56206500
XKoord37=12.27454000
YKoord37=47.56193800
XKoord38=12.27543900
YKoord38=47.56195800
XKoord39=12.27593800
YKoord39=47.56196600
XKoord40=12.27643400
YKoord40=47.56192900
XKoord41=12.27717000
YKoord41=47.56199800
XKoord42=12.27807100
YKoord42=47.56206200
[Overlay]
Symbols=1
[MapLage]
MapName=Top. Karte 1:50000 Bayern (Süd)
DimmFc=100
ZoomFc=100
CenterLat=47.53626900
CenterLong=12.26612000
RefOn=1
RefLat=47.53626900
RefLong=12.26612000
