[Symbol 1]
Typ=3
Group=1
Col=8
Zoom=1
Size=105
Art=1
Punkte=47
XKoord0=12.26472100
YKoord0=47.63198400
XKoord1=12.26785400
YKoord1=47.63045500
XKoord2=12.26872800
YKoord2=47.63007000
XKoord3=12.26844600
YKoord3=47.62980800
XKoord4=12.26739600
YKoord4=47.62898300
XKoord5=12.26683200
YKoord5=47.62794200
XKoord6=12.26465600
YKoord6=47.62667600
XKoord7=12.26199700
YKoord7=47.62619000
XKoord8=12.26063800
YKoord8=47.62575600
XKoord9=12.25955500
YKoord9=47.62493200
XKoord10=12.26085400
YKoord10=47.62494000
XKoord11=12.26188300
YKoord11=47.62437100
XKoord12=12.26223900
YKoord12=47.62420300
XKoord13=12.26098800
YKoord13=47.62336100
XKoord14=12.26025700
YKoord14=47.62284200
XKoord15=12.25960500
YKoord15=47.62198300
XKoord16=12.25960200
YKoord16=47.62139800
XKoord17=12.25903300
YKoord17=47.62080700
XKoord18=12.26083600
YKoord18=47.62037300
XKoord19=12.26117600
YKoord19=47.62049900
XKoord20=12.26251100
YKoord20=47.61998600
XKoord21=12.26316300
YKoord21=47.61976500
XKoord22=12.26321500
YKoord22=47.61845800
XKoord23=12.26330500
YKoord23=47.61829800
XKoord24=12.26323500
YKoord24=47.61771500
XKoord25=12.26321400
YKoord25=47.61737900
XKoord26=12.26351500
YKoord26=47.61687500
XKoord27=12.26444200
YKoord27=47.61572400
XKoord28=12.26499000
YKoord28=47.61543800
XKoord29=12.26523200
YKoord29=47.61504900
XKoord30=12.26522800
YKoord30=47.61446400
XKoord31=12.26533800
YKoord31=47.61407800
XKoord32=12.26638200
YKoord32=47.61321600
XKoord33=12.26685300
YKoord33=47.61277500
XKoord34=12.26646700
YKoord34=47.61190900
XKoord35=12.26717600
YKoord35=47.61101100
XKoord36=12.26730000
YKoord36=47.61033300
XKoord37=12.26769900
YKoord37=47.60980400
XKoord38=12.26830400
YKoord38=47.60989900
XKoord39=12.26860000
YKoord39=47.60984600
XKoord40=12.27083100
YKoord40=47.61120900
XKoord41=12.27218400
YKoord41=47.61103500
XKoord42=12.27292100
YKoord42=47.61110400
XKoord43=12.27459200
YKoord43=47.61069700
XKoord44=12.27539300
YKoord44=47.61020100
XKoord45=12.27591600
YKoord45=47.61005100
XKoord46=12.27674600
YKoord46=47.61002800
[Overlay]
Symbols=1
[MapLage]
MapName=Top. Karte 1:50000 Bayern (Süd)
DimmFc=100
ZoomFc=100
CenterLat=47.63198400
CenterLong=12.26472100
RefOn=1
RefLat=47.63198400
RefLong=12.26472100
