[Symbol 1]
Typ=3
Group=1
Col=8
Zoom=1
Size=105
Art=1
Punkte=33
XKoord0=12.31922800
YKoord0=47.54118700
XKoord1=12.31742900
YKoord1=47.54216100
XKoord2=12.31752000
YKoord2=47.54413800
XKoord3=12.31562700
YKoord3=47.54678000
XKoord4=12.31498600
YKoord4=47.54715900
XKoord5=12.31319000
YKoord5=47.54712100
XKoord6=12.31154300
YKoord6=47.54840600
XKoord7=12.31193200
YKoord7=47.54877700
XKoord8=12.31109800
YKoord8=47.54979100
XKoord9=12.31350800
YKoord9=47.55005900
XKoord10=12.31271300
YKoord10=47.55062200
XKoord11=12.31359100
YKoord11=47.55084400
XKoord12=12.31262100
YKoord12=47.55127700
XKoord13=12.31353400
YKoord13=47.55152100
XKoord14=12.31318400
YKoord14=47.55177800
XKoord15=12.31429500
YKoord15=47.55199400
XKoord16=12.31361100
YKoord16=47.55327300
XKoord17=12.31329500
YKoord17=47.55353000
XKoord18=12.31156600
YKoord18=47.55405200
XKoord19=12.31004200
YKoord19=47.55517600
XKoord20=12.30824600
YKoord20=47.55567800
XKoord21=12.30743000
YKoord21=47.55644400
XKoord22=12.30698600
YKoord22=47.55731200
XKoord23=12.30723300
YKoord23=47.55807000
XKoord24=12.30758300
YKoord24=47.55835200
XKoord25=12.30722100
YKoord25=47.55883500
XKoord26=12.30639800
YKoord26=47.55897200
XKoord27=12.30492800
YKoord27=47.55937400
XKoord28=12.30414200
YKoord28=47.55955400
XKoord29=12.30288400
YKoord29=47.55963500
XKoord30=12.30178600
YKoord30=47.55962200
XKoord31=12.30125300
YKoord31=47.55959300
XKoord32=12.30111300
YKoord32=47.55948400
[Overlay]
Symbols=1
[MapLage]
MapName=Top. Karte 1:50000 Bayern (Süd)
DimmFc=100
ZoomFc=100
CenterLat=47.54118700
CenterLong=12.31922800
RefOn=1
RefLat=47.54118700
RefLong=12.31922800
