[Symbol 1]
Typ=3
Group=1
Col=8
Zoom=1
Size=105
Art=1
Punkte=53
XKoord0=12.38746200
YKoord0=47.62235100
XKoord1=12.38595000
YKoord1=47.62212600
XKoord2=12.38505500
YKoord2=47.62217400
XKoord3=12.38381700
YKoord3=47.62259400
XKoord4=12.38238200
YKoord4=47.62252300
XKoord5=12.38239600
YKoord5=47.62274800
XKoord6=12.38165100
YKoord6=47.62306200
XKoord7=12.38067900
YKoord7=47.62347400
XKoord8=12.38012800
YKoord8=47.62369200
XKoord9=12.37950400
YKoord9=47.62382300
XKoord10=12.37933200
YKoord10=47.62373800
XKoord11=12.37904000
YKoord11=47.62385900
XKoord12=12.37858400
YKoord12=47.62452500
XKoord13=12.37719800
YKoord13=47.62470100
XKoord14=12.37598500
YKoord14=47.62446700
XKoord15=12.37605500
YKoord15=47.62401500
XKoord16=12.37627500
YKoord16=47.62328800
XKoord17=12.37606800
YKoord17=47.62266500
XKoord18=12.37551100
YKoord18=47.62227600
XKoord19=12.37422400
YKoord19=47.62141400
XKoord20=12.37323600
YKoord20=47.62106100
XKoord21=12.37221800
YKoord21=47.62075300
XKoord22=12.37103200
YKoord22=47.62042800
XKoord23=12.36992800
YKoord23=47.61929100
XKoord24=12.36943500
YKoord24=47.61836000
XKoord25=12.36885800
YKoord25=47.61765700
XKoord26=12.36863500
YKoord26=47.61730400
XKoord27=12.36747000
YKoord27=47.61677600
XKoord28=12.36732800
YKoord28=47.61612700
XKoord29=12.36752600
YKoord29=47.61558200
XKoord30=12.36669600
YKoord30=47.61560600
XKoord31=12.36557000
YKoord31=47.61568400
XKoord32=12.36436800
YKoord32=47.61614700
XKoord33=12.36360700
YKoord33=47.61569700
XKoord34=12.36317200
YKoord34=47.61460700
XKoord35=12.36278800
YKoord35=47.61432600
XKoord36=12.36204200
YKoord36=47.61464000
XKoord37=12.36101000
YKoord37=47.61514300
XKoord38=12.35999100
YKoord38=47.61481300
XKoord39=12.35900700
YKoord39=47.61452700
XKoord40=12.35759200
YKoord40=47.61477100
XKoord41=12.35685600
YKoord41=47.61522000
XKoord42=12.35602400
YKoord42=47.61418700
XKoord43=12.35566500
YKoord43=47.61377000
XKoord44=12.35497200
YKoord44=47.61230500
XKoord45=12.35380800
YKoord45=47.61213000
XKoord46=12.35318800
YKoord46=47.61181000
XKoord47=12.35265300
YKoord47=47.61124100
XKoord48=12.35222300
YKoord48=47.61075900
XKoord49=12.35176200
YKoord49=47.61032200
XKoord50=12.35137000
YKoord50=47.60990600
XKoord51=12.35095400
YKoord51=47.60964900
XKoord52=12.35034300
YKoord52=47.60946400
[Symbol 2]
Typ=6
Group=2
Width=20
Height=20
Dir=100
Art=1
Col=2
Zoom=1
Size=102
Area=2
XKoord=12.38742800
YKoord=47.62235100
[Overlay]
Symbols=2
[MapLage]
MapName=Top. Karte 1:50000 Bayern (Süd)
DimmFc=100
ZoomFc=100
CenterLat=47.62235100
CenterLong=12.38746200
RefOn=1
RefLat=47.62235100
RefLong=12.38746200
