[Symbol 1]
Typ=3
Group=1
Col=8
Zoom=1
Size=105
Art=1
Punkte=52
XKoord0=12.38060800
YKoord0=47.57902100
XKoord1=12.37825600
YKoord1=47.57915800
XKoord2=12.37680100
YKoord2=47.57929100
XKoord3=12.37607100
YKoord3=47.57931200
XKoord4=12.37203100
YKoord4=47.57959200
XKoord5=12.37261400
YKoord5=47.57986700
XKoord6=12.37445800
YKoord6=47.58010500
XKoord7=12.37681000
YKoord7=47.57994300
XKoord8=12.37883700
YKoord8=47.57992800
XKoord9=12.38075500
YKoord9=47.58027700
XKoord10=12.38111700
YKoord10=47.58073800
XKoord11=12.38054000
YKoord11=47.58107000
XKoord12=12.38015900
YKoord12=47.58135200
XKoord13=12.38075600
YKoord13=47.58229000
XKoord14=12.38069900
YKoord14=47.58296700
XKoord15=12.38051200
YKoord15=47.58367000
XKoord16=12.37982800
YKoord16=47.58441000
XKoord17=12.37968500
YKoord17=47.58322200
XKoord18=12.37910800
YKoord18=47.58257500
XKoord19=12.37889800
YKoord19=47.58190600
XKoord20=12.37838200
YKoord20=47.58162900
XKoord21=12.37753700
YKoord21=47.58142900
XKoord22=12.37778300
YKoord22=47.58214200
XKoord23=12.37814200
YKoord23=47.58255900
XKoord24=12.37731100
YKoord24=47.58514800
XKoord25=12.37695800
YKoord25=47.58579900
XKoord26=12.37600000
YKoord26=47.58646900
XKoord27=12.37582500
YKoord27=47.58628300
XKoord28=12.37607800
YKoord28=47.58561200
XKoord29=12.37627500
YKoord29=47.58506600
XKoord30=12.37616300
YKoord30=47.58486700
XKoord31=12.37562200
YKoord31=47.58524300
XKoord32=12.37490600
YKoord32=47.58600600
XKoord33=12.37473600
YKoord33=47.58640500
XKoord34=12.37403300
YKoord34=47.58639200
XKoord35=12.37259300
YKoord35=47.58674900
XKoord36=12.37164300
YKoord36=47.58692300
XKoord37=12.37056700
YKoord37=47.58673000
XKoord38=12.36984500
YKoord38=47.58688600
XKoord39=12.36987300
YKoord39=47.58731300
XKoord40=12.37043800
YKoord40=47.58833900
XKoord41=12.37033000
YKoord41=47.59027700
XKoord42=12.36824400
YKoord42=47.59101700
XKoord43=12.36640100
YKoord43=47.59154400
XKoord44=12.36580700
YKoord44=47.59108900
XKoord45=12.36512600
YKoord45=47.59106000
XKoord46=12.36399000
YKoord46=47.59149800
XKoord47=12.36324500
YKoord47=47.59181200
XKoord48=12.36217100
YKoord48=47.59196100
XKoord49=12.36153200
YKoord49=47.59236200
XKoord50=12.36043500
YKoord50=47.59288900
XKoord51=12.35786100
YKoord51=47.59343300
[Overlay]
Symbols=1
[MapLage]
MapName=Top. Karte 1:50000 Bayern (Süd)
DimmFc=100
ZoomFc=100
CenterLat=47.57902100
CenterLong=12.38060800
RefOn=1
RefLat=47.57902100
RefLong=12.38060800
