[Symbol 1]
Typ=3
Group=1
Col=8
Zoom=1
Size=105
Art=1
Punkte=38
XKoord0=12.26649800
YKoord0=47.53617200
XKoord1=12.26668000
YKoord1=47.53676100
XKoord2=12.26699400
YKoord2=47.53717700
XKoord3=12.26713600
YKoord3=47.53831700
XKoord4=12.26744100
YKoord4=47.53891500
XKoord5=12.26802600
YKoord5=47.54008700
XKoord6=12.26852900
YKoord6=47.53962300
XKoord7=12.26906100
YKoord7=47.54017000
XKoord8=12.26935800
YKoord8=47.54077900
XKoord9=12.26953600
YKoord9=47.54139400
XKoord10=12.26955300
YKoord10=47.54220300
XKoord11=12.26929800
YKoord11=47.54290800
XKoord12=12.26874900
YKoord12=47.54368900
XKoord13=12.26832600
YKoord13=47.54437600
XKoord14=12.26795300
YKoord14=47.54479100
XKoord15=12.26798000
YKoord15=47.54575800
XKoord16=12.26876200
YKoord16=47.54656800
XKoord17=12.27032000
YKoord17=47.54704100
XKoord18=12.27087700
YKoord18=47.54799300
XKoord19=12.27301600
YKoord19=47.54871900
XKoord20=12.27389000
YKoord20=47.54915800
XKoord21=12.27414600
YKoord21=47.54939200
XKoord22=12.27507000
YKoord22=47.55021300
XKoord23=12.27586000
YKoord23=47.55169700
XKoord24=12.27566600
YKoord24=47.55231000
XKoord25=12.27649200
YKoord25=47.55383900
XKoord26=12.27580900
YKoord26=47.55615700
XKoord27=12.27633300
YKoord27=47.55697200
XKoord28=12.27805600
YKoord28=47.55795700
XKoord29=12.27872100
YKoord29=47.55827200
XKoord30=12.28018600
YKoord30=47.55906600
XKoord31=12.28137500
YKoord31=47.55948200
XKoord32=12.28353900
YKoord32=47.55953300
XKoord33=12.28480500
YKoord33=47.55958600
XKoord34=12.28595400
YKoord34=47.55935100
XKoord35=12.28734300
YKoord35=47.55924300
XKoord36=12.28836200
YKoord36=47.55905700
XKoord37=12.28924500
YKoord37=47.55882900
[Overlay]
Symbols=1
[MapLage]
MapName=Top. Karte 1:50000 Bayern (Süd)
DimmFc=100
ZoomFc=100
CenterLat=47.53617200
CenterLong=12.26649800
RefOn=1
RefLat=47.53617200
RefLong=12.26649800
