[Symbol 1]
Typ=3
Group=1
Col=8
Zoom=1
Size=105
Art=1
Punkte=44
XKoord0=12.29432000
YKoord0=47.63405600
XKoord1=12.29430900
YKoord1=47.63335900
XKoord2=12.29397300
YKoord2=47.63278400
XKoord3=12.29362500
YKoord3=47.63094900
XKoord4=12.29399500
YKoord4=47.62943100
XKoord5=12.29469700
YKoord5=47.62842100
XKoord6=12.29446200
YKoord6=47.62732500
XKoord7=12.29488100
YKoord7=47.62571500
XKoord8=12.29513600
YKoord8=47.62501000
XKoord9=12.29508300
YKoord9=47.62469700
XKoord10=12.29617300
YKoord10=47.62351800
XKoord11=12.29637100
YKoord11=47.62295000
XKoord12=12.29686800
YKoord12=47.62133800
XKoord13=12.29605200
YKoord13=47.62052900
XKoord14=12.29577800
YKoord14=47.61988500
XKoord15=12.29646100
YKoord15=47.61910000
XKoord16=12.29747300
YKoord16=47.61826100
XKoord17=12.29747200
YKoord17=47.61772100
XKoord18=12.29745700
YKoord18=47.61747400
XKoord19=12.29818700
YKoord19=47.61691300
XKoord20=12.29882600
YKoord20=47.61597200
XKoord21=12.29863100
YKoord21=47.61498800
XKoord22=12.29857000
YKoord22=47.61454000
XKoord23=12.29824800
YKoord23=47.61364900
XKoord24=12.29810700
YKoord24=47.61300100
XKoord25=12.29787800
YKoord25=47.61253500
XKoord26=12.29617000
YKoord26=47.61235900
XKoord27=12.29569800
YKoord27=47.61226000
XKoord28=12.29456600
YKoord28=47.61157300
XKoord29=12.29423500
YKoord29=47.61106500
XKoord30=12.29318100
YKoord30=47.61071200
XKoord31=12.29208700
YKoord31=47.60970900
XKoord32=12.29171300
YKoord32=47.60958500
XKoord33=12.29159600
YKoord33=47.60983600
XKoord34=12.29049100
YKoord34=47.60973200
XKoord35=12.28950600
YKoord35=47.60940100
XKoord36=12.28880800
YKoord36=47.60942100
XKoord37=12.28746000
YKoord37=47.60914400
XKoord38=12.28707800
YKoord38=47.60924300
XKoord39=12.28801600
YKoord39=47.60986900
XKoord40=12.28731000
YKoord40=47.60975400
XKoord41=12.28749800
YKoord41=47.61010900
XKoord42=12.28632300
YKoord42=47.60994000
XKoord43=12.28586000
YKoord43=47.60997600
[Symbol 2]
Typ=6
Group=2
Width=20
Height=20
Dir=100
Art=1
Col=2
Zoom=1
Size=102
Area=2
XKoord=12.29411200
YKoord=47.63405600
[Overlay]
Symbols=2
[MapLage]
MapName=Top. Karte 1:50000 Bayern (Süd)
DimmFc=100
ZoomFc=100
CenterLat=47.63405600
CenterLong=12.29432000
RefOn=1
RefLat=47.63405600
RefLong=12.29432000
