[Symbol 1]
Typ=3
Group=1
Col=8
Zoom=1
Size=105
Art=1
Punkte=46
XKoord0=11.53624000
YKoord0=47.25691100
XKoord1=11.53794100
YKoord1=47.25793100
XKoord2=11.54076000
YKoord2=47.25883600
XKoord3=11.54431100
YKoord3=47.26053400
XKoord4=11.54579300
YKoord4=47.26041100
XKoord5=11.54750100
YKoord5=47.25951800
XKoord6=11.54800000
YKoord6=47.25820300
XKoord7=11.54961400
YKoord7=47.25602900
XKoord8=11.55211000
YKoord8=47.25365600
XKoord9=11.55213100
YKoord9=47.25203600
XKoord10=11.54919300
YKoord10=47.24933400
XKoord11=11.54708400
YKoord11=47.24737900
XKoord12=11.54426800
YKoord12=47.24377500
XKoord13=11.54364100
YKoord13=47.24133500
XKoord14=11.54257500
YKoord14=47.24045900
XKoord15=11.54004000
YKoord15=47.23855800
XKoord16=11.53940300
YKoord16=47.23629900
XKoord17=11.53813200
YKoord17=47.23527000
XKoord18=11.53724900
YKoord18=47.23407500
XKoord19=11.53585600
YKoord19=47.23327300
XKoord20=11.53392700
YKoord20=47.23090900
XKoord21=11.52963900
YKoord21=47.22578300
XKoord22=11.52944300
YKoord22=47.22513500
XKoord23=11.52992700
YKoord23=47.22350400
XKoord24=11.53318700
YKoord24=47.22055200
XKoord25=11.53297300
YKoord25=47.22022000
XKoord26=11.53293600
YKoord26=47.21873600
XKoord27=11.53319400
YKoord27=47.21805300
XKoord28=11.53240400
YKoord28=47.21741800
XKoord29=11.53218300
YKoord29=47.21762600
XKoord30=11.53185400
YKoord30=47.21695800
XKoord31=11.53141500
YKoord31=47.21674300
XKoord32=11.53128400
YKoord32=47.21607100
XKoord33=11.52922500
YKoord33=47.21512600
XKoord34=11.52827400
YKoord34=47.21458500
XKoord35=11.52796600
YKoord35=47.21434400
XKoord36=11.52868600
YKoord36=47.21282100
XKoord37=11.52769900
YKoord37=47.21221300
XKoord38=11.52685200
YKoord38=47.21175900
XKoord39=11.52667200
YKoord39=47.21144800
XKoord40=11.52552100
YKoord40=47.21154100
XKoord41=11.52565700
YKoord41=47.21093100
XKoord42=11.52504700
YKoord42=47.21058400
XKoord43=11.52523600
YKoord43=47.21040000
XKoord44=11.52433500
YKoord44=47.21019500
XKoord45=11.52380800
YKoord45=47.21022900
[Overlay]
Symbols=1
[MapLage]
MapName=ÖK50-West
DimmFc=100
ZoomFc=100
CenterLat=47.25691100
CenterLong=11.53624000
RefOn=1
RefLat=47.25691100
RefLong=11.53624000
