[Symbol 1]
Typ=3
Group=1
Col=8
Zoom=1
Size=105
Art=1
Punkte=36
XKoord0=11.56106000
YKoord0=47.25096300
XKoord1=11.55935800
YKoord1=47.24992100
XKoord2=11.55730800
YKoord2=47.24578200
XKoord3=11.55741200
YKoord3=47.24519500
XKoord4=11.55673500
YKoord4=47.24485000
XKoord5=11.55572400
YKoord5=47.24307300
XKoord6=11.55455700
YKoord6=47.24215400
XKoord7=11.55438900
YKoord7=47.23729800
XKoord8=11.55296800
YKoord8=47.23521500
XKoord9=11.55259100
YKoord9=47.23148900
XKoord10=11.55323700
YKoord10=47.22981000
XKoord11=11.55207000
YKoord11=47.22614600
XKoord12=11.55201800
YKoord12=47.22443500
XKoord13=11.55308700
YKoord13=47.22193600
XKoord14=11.55281900
YKoord14=47.21910800
XKoord15=11.55205800
YKoord15=47.21701000
XKoord16=11.55306600
YKoord16=47.21599800
XKoord17=11.55297800
YKoord17=47.21555000
XKoord18=11.55328700
YKoord18=47.21509300
XKoord19=11.55267800
YKoord19=47.21479100
XKoord20=11.55309000
YKoord20=47.21374700
XKoord21=11.55218900
YKoord21=47.21286700
XKoord22=11.55264600
YKoord22=47.21137200
XKoord23=11.55319000
YKoord23=47.21032500
XKoord24=11.55349100
YKoord24=47.20973400
XKoord25=11.55413200
YKoord25=47.20931400
XKoord26=11.55651500
YKoord26=47.20944100
XKoord27=11.55900200
YKoord27=47.20898100
XKoord28=11.56159700
YKoord28=47.20802300
XKoord29=11.56403800
YKoord29=47.20661800
XKoord30=11.57028700
YKoord30=47.20476800
XKoord31=11.57819800
YKoord31=47.20268300
XKoord32=11.58110500
YKoord32=47.20135800
XKoord33=11.58390800
YKoord33=47.20062000
XKoord34=11.58621000
YKoord34=47.20043300
XKoord35=11.58839200
YKoord35=47.20051900
[Overlay]
Symbols=1
[MapLage]
MapName=ÖK50-West
DimmFc=100
ZoomFc=100
CenterLat=47.25096300
CenterLong=11.56106000
RefOn=1
RefLat=47.25096300
RefLong=11.56106000
