[Symbol 1]
Typ=3
Group=1
Col=8
Zoom=1
Size=105
Art=1
Punkte=46
XKoord0=11.46322700
YKoord0=47.16934700
XKoord1=11.46045900
YKoord1=47.16940600
XKoord2=11.45657800
YKoord2=47.16967000
XKoord3=11.45532400
YKoord3=47.17109100
XKoord4=11.45608800
YKoord4=47.17193000
XKoord5=11.45648200
YKoord5=47.17187600
XKoord6=11.45630700
YKoord6=47.17237500
XKoord7=11.45593000
YKoord7=47.17278800
XKoord8=11.45584800
YKoord8=47.17387000
XKoord9=11.45533500
YKoord9=47.17419600
XKoord10=11.45530400
YKoord10=47.17496100
XKoord11=11.45517300
YKoord11=47.17640400
XKoord12=11.45447700
YKoord12=47.17704900
XKoord13=11.45299800
YKoord13=47.17933000
XKoord14=11.45352800
YKoord14=47.18080400
XKoord15=11.45413400
YKoord15=47.18106100
XKoord16=11.45481200
YKoord16=47.18289100
XKoord17=11.45628000
YKoord17=47.18466000
XKoord18=11.45792900
YKoord18=47.18606400
XKoord19=11.45921900
YKoord19=47.18684600
XKoord20=11.46016500
YKoord20=47.18732100
XKoord21=11.46113400
YKoord21=47.18829000
XKoord22=11.46212500
YKoord22=47.18831400
XKoord23=11.46436700
YKoord23=47.18970500
XKoord24=11.46672500
YKoord24=47.19073400
XKoord25=11.46846100
YKoord25=47.19114700
XKoord26=11.47010500
YKoord26=47.19102100
XKoord27=11.47064300
YKoord27=47.19123500
XKoord28=11.47121400
YKoord28=47.19216700
XKoord29=11.47122700
YKoord29=47.19243700
XKoord30=11.47240800
YKoord30=47.19227700
XKoord31=11.47431800
YKoord31=47.19219000
XKoord32=11.47641800
YKoord32=47.19192000
XKoord33=11.47832600
YKoord33=47.19178900
XKoord34=11.47981700
YKoord34=47.19121600
XKoord35=11.48550000
YKoord35=47.18992300
XKoord36=11.48750400
YKoord36=47.18902500
XKoord37=11.49168800
YKoord37=47.18816900
XKoord38=11.49457400
YKoord38=47.18779100
XKoord39=11.50120400
YKoord39=47.18701700
XKoord40=11.50396300
YKoord40=47.18673100
XKoord41=11.50601800
YKoord41=47.18691100
XKoord42=11.50768700
YKoord42=47.18732500
XKoord43=11.50854000
YKoord43=47.18721600
XKoord44=11.50907600
YKoord44=47.18738400
XKoord45=11.50848900
YKoord45=47.18753200
[Overlay]
Symbols=1
[MapLage]
MapName=ÖK50-West
DimmFc=100
ZoomFc=100
CenterLat=47.16934700
CenterLong=11.46322700
RefOn=1
RefLat=47.16934700
RefLong=11.46322700
