[Symbol 1]
Typ=3
Group=1
Col=8
Zoom=1
Size=105
Art=1
Punkte=42
XKoord0=12.43407300
YKoord0=47.41775200
XKoord1=12.43480800
YKoord1=47.41758300
XKoord2=12.43572200
YKoord2=47.41761200
XKoord3=12.43654100
YKoord3=47.41747500
XKoord4=12.43711800
YKoord4=47.41742400
XKoord5=12.43679300
YKoord5=47.41778300
XKoord6=12.43789700
YKoord6=47.41844700
XKoord7=12.43834500
YKoord7=47.41896200
XKoord8=12.43908900
YKoord8=47.41918700
XKoord9=12.43959300
YKoord9=47.41979100
XKoord10=12.44021200
YKoord10=47.41988500
XKoord11=12.43972200
YKoord11=47.41998900
XKoord12=12.44029200
YKoord12=47.42009600
XKoord13=12.44165800
YKoord13=47.42044900
XKoord14=12.44219900
YKoord14=47.42036500
XKoord15=12.44214700
YKoord15=47.42007400
XKoord16=12.44260500
YKoord16=47.41946400
XKoord17=12.44260600
YKoord17=47.41922800
XKoord18=12.44316100
YKoord18=47.41885100
XKoord19=12.44420000
YKoord19=47.41952900
XKoord20=12.44514000
YKoord20=47.41945500
XKoord21=12.44535200
YKoord21=47.42016900
XKoord22=12.44713100
YKoord22=47.41974400
XKoord23=12.44821400
YKoord23=47.42036500
XKoord24=12.44962500
YKoord24=47.42040100
XKoord25=12.45006900
YKoord25=47.42059000
XKoord26=12.45123800
YKoord26=47.42225400
XKoord27=12.45194000
YKoord27=47.42335700
XKoord28=12.45237500
YKoord28=47.42420000
XKoord29=12.45237600
YKoord29=47.42497600
XKoord30=12.45198000
YKoord30=47.42524700
XKoord31=12.45346600
YKoord31=47.42668700
XKoord32=12.45431500
YKoord32=47.42749400
XKoord33=12.45423600
YKoord33=47.42781100
XKoord34=12.45525300
YKoord34=47.42815200
XKoord35=12.45579600
YKoord35=47.42884000
XKoord36=12.45636500
YKoord36=47.42943000
XKoord37=12.45675200
YKoord37=47.43001400
XKoord38=12.45682500
YKoord38=47.43113700
XKoord39=12.45820400
YKoord39=47.43218700
XKoord40=12.45997300
YKoord40=47.43287600
XKoord41=12.46261300
YKoord41=47.43369600
[Overlay]
Symbols=1
[MapLage]
MapName=ÖK50-West
DimmFc=100
ZoomFc=100
CenterLat=47.41775200
CenterLong=12.43407300
RefOn=1
RefLat=47.41775200
RefLong=12.43407300
