[Symbol 1]
Typ=3
Group=1
Col=8
Zoom=1
Size=105
Art=1
Punkte=34
XKoord0=12.45454100
YKoord0=47.41327400
XKoord1=12.45464500
YKoord1=47.41385500
XKoord2=12.45428300
YKoord2=47.41440600
XKoord3=12.45457600
YKoord3=47.41583700
XKoord4=12.45435300
YKoord4=47.41647400
XKoord5=12.45421300
YKoord5=47.41737800
XKoord6=12.45457600
YKoord6=47.41786200
XKoord7=12.45597900
YKoord7=47.41701000
XKoord8=12.45672600
YKoord8=47.41626700
XKoord9=12.45690600
YKoord9=47.41599200
XKoord10=12.45730900
YKoord10=47.41607000
XKoord11=12.45770600
YKoord11=47.41605800
XKoord12=12.45842500
YKoord12=47.41590100
XKoord13=12.45858100
YKoord13=47.41625600
XKoord14=12.45859900
YKoord14=47.41710500
XKoord15=12.45860900
YKoord15=47.41769600
XKoord16=12.45906900
YKoord16=47.41845200
XKoord17=12.45990300
YKoord17=47.41923100
XKoord18=12.46031500
YKoord18=47.41944400
XKoord19=12.46085600
YKoord19=47.41960800
XKoord20=12.46163800
YKoord20=47.41940400
XKoord21=12.46179300
YKoord21=47.41905600
XKoord22=12.46228000
YKoord22=47.41864700
XKoord23=12.46280600
YKoord23=47.41900900
XKoord24=12.46484700
YKoord24=47.41980200
XKoord25=12.46670100
YKoord25=47.42078100
XKoord26=12.46775300
YKoord26=47.42164900
XKoord27=12.46828700
YKoord27=47.42271300
XKoord28=12.46987100
YKoord28=47.42360900
XKoord29=12.47052200
YKoord29=47.42444500
XKoord30=12.47084800
YKoord30=47.42503600
XKoord31=12.47365000
YKoord31=47.42462000
XKoord32=12.47424000
YKoord32=47.42451200
XKoord33=12.47444000
YKoord33=47.42441800
[Overlay]
Symbols=1
[MapLage]
MapName=ÖK50-West
DimmFc=100
ZoomFc=100
CenterLat=47.41327400
CenterLong=12.45454100
RefOn=1
RefLat=47.41327400
RefLong=12.45454100
