[Symbol 1]
Typ=3
Group=1
Col=8
Zoom=1
Size=105
Art=1
Punkte=44
XKoord0=12.43764200
YKoord0=47.39702200
XKoord1=12.43990200
YKoord1=47.39713400
XKoord2=12.44186600
YKoord2=47.39676000
XKoord3=12.44271700
YKoord3=47.39659900
XKoord4=12.44515300
YKoord4=47.39432100
XKoord5=12.44792600
YKoord5=47.39315800
XKoord6=12.45031800
YKoord6=47.39223100
XKoord7=12.45284700
YKoord7=47.39139000
XKoord8=12.45395600
YKoord8=47.39113100
XKoord9=12.45565700
YKoord9=47.38977500
XKoord10=12.45699700
YKoord10=47.38798000
XKoord11=12.45902500
YKoord11=47.38656900
XKoord12=12.45896600
YKoord12=47.38567000
XKoord13=12.46065700
YKoord13=47.38417900
XKoord14=12.46176500
YKoord14=47.38288600
XKoord15=12.46272100
YKoord15=47.38231700
XKoord16=12.46279400
YKoord16=47.38067800
XKoord17=12.46312900
YKoord17=47.37972300
XKoord18=12.46361800
YKoord18=47.37891600
XKoord19=12.46437300
YKoord19=47.37880300
XKoord20=12.46476900
YKoord20=47.37827400
XKoord21=12.46512800
YKoord21=47.37770000
XKoord22=12.46606200
YKoord22=47.37728900
XKoord23=12.46783200
YKoord23=47.37701100
XKoord24=12.46996500
YKoord24=47.37669900
XKoord25=12.47004900
YKoord25=47.37613900
XKoord26=12.47031300
YKoord26=47.37545100
XKoord27=12.46947900
YKoord27=47.37232600
XKoord28=12.46986900
YKoord28=47.37121200
XKoord29=12.47146200
YKoord29=47.37042600
XKoord30=12.47156000
YKoord30=47.36972100
XKoord31=12.47169000
YKoord31=47.36868200
XKoord32=12.47150400
YKoord32=47.36736000
XKoord33=12.47172800
YKoord33=47.36679000
XKoord34=12.47350400
YKoord34=47.36509400
XKoord35=12.47425000
YKoord35=47.36426700
XKoord36=12.47448900
YKoord36=47.36286500
XKoord37=12.47305600
YKoord37=47.36223300
XKoord38=12.47138600
YKoord38=47.36201400
XKoord39=12.46953400
YKoord39=47.36262700
XKoord40=12.46883200
YKoord40=47.36354800
XKoord41=12.46831300
YKoord41=47.36393200
XKoord42=12.46784500
YKoord42=47.36414100
XKoord43=12.46783700
YKoord43=47.36452300
[Overlay]
Symbols=1
[MapLage]
MapName=ÖK50-West
DimmFc=100
ZoomFc=100
CenterLat=47.39702200
CenterLong=12.43764200
RefOn=1
RefLat=47.39702200
RefLong=12.43764200
