[Symbol 1]
Typ=3
Group=1
Col=8
Zoom=1
Size=105
Art=1
Punkte=41
XKoord0=12.41722500
YKoord0=47.36576200
XKoord1=12.41793200
YKoord1=47.36542600
XKoord2=12.41710000
YKoord2=47.36383100
XKoord3=12.41720600
YKoord3=47.36342200
XKoord4=12.41914500
YKoord4=47.36269000
XKoord5=12.41992300
YKoord5=47.36140600
XKoord6=12.42088000
YKoord6=47.36083800
XKoord7=12.42113600
YKoord7=47.36173000
XKoord8=12.42193700
YKoord8=47.36080600
XKoord9=12.42465800
YKoord9=47.35987000
XKoord10=12.42676200
YKoord10=47.35962700
XKoord11=12.42979300
YKoord11=47.35940100
XKoord12=12.43177000
YKoord12=47.35925200
XKoord13=12.43279600
YKoord13=47.35872600
XKoord14=12.43653900
YKoord14=47.35825400
XKoord15=12.43860700
YKoord15=47.35643700
XKoord16=12.43994700
YKoord16=47.35770200
XKoord17=12.44071500
YKoord17=47.35830900
XKoord18=12.44126700
YKoord18=47.35865200
XKoord19=12.44230500
YKoord19=47.35934100
XKoord20=12.44395300
YKoord20=47.35821100
XKoord21=12.44472600
YKoord21=47.35787300
XKoord22=12.44586600
YKoord22=47.35707400
XKoord23=12.44687000
YKoord23=47.35825800
XKoord24=12.44826200
YKoord24=47.35929600
XKoord25=12.45004800
YKoord25=47.36027800
XKoord26=12.45174900
YKoord26=47.36198100
XKoord27=12.45270200
YKoord27=47.36339200
XKoord28=12.45411300
YKoord28=47.36371000
XKoord29=12.45640300
YKoord29=47.36328100
XKoord30=12.45755800
YKoord30=47.36270600
XKoord31=12.45806700
YKoord31=47.36220800
XKoord32=12.45974500
YKoord32=47.36152700
XKoord33=12.46080400
YKoord33=47.36050500
XKoord34=12.46300700
YKoord34=47.35976400
XKoord35=12.46552000
YKoord35=47.35990000
XKoord36=12.46632600
YKoord36=47.36109100
XKoord37=12.46684800
YKoord37=47.36197500
XKoord38=12.46736700
YKoord38=47.36281400
XKoord39=12.46776500
YKoord39=47.36383700
XKoord40=12.46781500
YKoord40=47.36460100
[Overlay]
Symbols=1
[MapLage]
MapName=ÖK50-West
DimmFc=100
ZoomFc=100
CenterLat=47.36576200
CenterLong=12.41722500
RefOn=1
RefLat=47.36576200
RefLong=12.41722500
