[Symbol 1]
Typ=3
Group=1
Col=8
Zoom=1
Size=105
Art=1
Punkte=43
XKoord0=12.46200300
YKoord0=47.40887200
XKoord1=12.46290900
YKoord1=47.40904700
XKoord2=12.46454900
YKoord2=47.40879500
XKoord3=12.46582500
YKoord3=47.40803700
XKoord4=12.46604100
YKoord4=47.40778300
XKoord5=12.46779700
YKoord5=47.40777400
XKoord6=12.46902800
YKoord6=47.40785000
XKoord7=12.47140900
YKoord7=47.40676500
XKoord8=12.47212500
YKoord8=47.40656300
XKoord9=12.47329000
YKoord9=47.40664000
XKoord10=12.47433200
YKoord10=47.40586600
XKoord11=12.47476900
YKoord11=47.40544800
XKoord12=12.47488400
YKoord12=47.40569200
XKoord13=12.47578000
YKoord13=47.40571000
XKoord14=12.47674700
YKoord14=47.40529800
XKoord15=12.47752900
YKoord15=47.40408200
XKoord16=12.47756000
YKoord16=47.40354100
XKoord17=12.47901600
YKoord17=47.40250700
XKoord18=12.48033600
YKoord18=47.40192700
XKoord19=12.48219800
YKoord19=47.40101500
XKoord20=12.48240600
YKoord20=47.40064900
XKoord21=12.48342200
YKoord21=47.39990200
XKoord22=12.48475800
YKoord22=47.39905200
XKoord23=12.48490800
YKoord23=47.39882200
XKoord24=12.48521100
YKoord24=47.39789000
XKoord25=12.48481100
YKoord25=47.39635000
XKoord26=12.48488500
YKoord26=47.39495300
XKoord27=12.48502900
YKoord27=47.39463400
XKoord28=12.48452300
YKoord28=47.39355600
XKoord29=12.48379300
YKoord29=47.39254300
XKoord30=12.48356200
YKoord30=47.39205500
XKoord31=12.48297500
YKoord31=47.39319800
XKoord32=12.48168800
YKoord32=47.39377700
XKoord33=12.48012500
YKoord33=47.39418400
XKoord34=12.47829300
YKoord34=47.39554500
XKoord35=12.47646800
YKoord35=47.39501500
XKoord36=12.47572700
YKoord36=47.39382300
XKoord37=12.47425500
YKoord37=47.39359800
XKoord38=12.47261400
YKoord38=47.39283800
XKoord39=12.47204400
YKoord39=47.39222500
XKoord40=12.47292500
YKoord40=47.39152300
XKoord41=12.47346700
YKoord41=47.39069700
XKoord42=12.47404000
YKoord42=47.38932900
[Overlay]
Symbols=1
[MapLage]
MapName=ÖK50-West
DimmFc=100
ZoomFc=100
CenterLat=47.40887200
CenterLong=12.46200300
RefOn=1
RefLat=47.40887200
RefLong=12.46200300
