[Symbol 1]
Typ=3
Group=1
Col=8
Zoom=1
Size=105
Art=1
Punkte=49
XKoord0=12.43516400
YKoord0=47.39811700
XKoord1=12.43672500
YKoord1=47.39766500
XKoord2=12.43728100
YKoord2=47.39704100
XKoord3=12.43840500
YKoord3=47.39700700
XKoord4=12.44226500
YKoord4=47.39675600
XKoord5=12.44298700
YKoord5=47.39664400
XKoord6=12.44468700
YKoord6=47.39477100
XKoord7=12.44621600
YKoord7=47.39382500
XKoord8=12.44697200
YKoord8=47.39373400
XKoord9=12.44683000
YKoord9=47.39409900
XKoord10=12.44816800
YKoord10=47.39378800
XKoord11=12.44744600
YKoord11=47.39439500
XKoord12=12.44705100
YKoord12=47.39544200
XKoord13=12.44674100
YKoord13=47.39628400
XKoord14=12.44686700
YKoord14=47.39668500
XKoord15=12.44717200
YKoord15=47.39678800
XKoord16=12.44840000
YKoord16=47.39632400
XKoord17=12.45023400
YKoord17=47.39548100
XKoord18=12.45136000
YKoord18=47.39497500
XKoord19=12.45268300
YKoord19=47.39441700
XKoord20=12.45439700
YKoord20=47.39378100
XKoord21=12.45464000
YKoord21=47.39395300
XKoord22=12.45351900
YKoord22=47.39504500
XKoord23=12.45455500
YKoord23=47.39467600
XKoord24=12.45395700
YKoord24=47.39667400
XKoord25=12.45445100
YKoord25=47.39663600
XKoord26=12.45394800
YKoord26=47.39755100
XKoord27=12.45436700
YKoord27=47.39738100
XKoord28=12.45403800
YKoord28=47.39842600
XKoord29=12.45466900
YKoord29=47.39845200
XKoord30=12.45467800
YKoord30=47.39858700
XKoord31=12.45566800
YKoord31=47.39801700
XKoord32=12.45587900
YKoord32=47.39870800
XKoord33=12.45737400
YKoord33=47.39825800
XKoord34=12.45743300
YKoord34=47.39866100
XKoord35=12.45911800
YKoord35=47.39807000
XKoord36=12.45850500
YKoord36=47.39883100
XKoord37=12.45935700
YKoord37=47.39869300
XKoord38=12.45969600
YKoord38=47.39980800
XKoord39=12.46011100
YKoord39=47.39957000
XKoord40=12.46011900
YKoord40=47.40020000
XKoord41=12.46073200
YKoord41=47.40045100
XKoord42=12.46131200
YKoord42=47.39919600
XKoord43=12.46168400
YKoord43=47.39880300
XKoord44=12.46261600
YKoord44=47.39987700
XKoord45=12.46395400
YKoord45=47.40006100
XKoord46=12.46445500
YKoord46=47.39961900
XKoord47=12.46512100
YKoord47=47.39917100
XKoord48=12.46558400
YKoord48=47.39965200
[Overlay]
Symbols=1
[MapLage]
MapName=ÖK50-West
DimmFc=100
ZoomFc=100
CenterLat=47.39811700
CenterLong=12.43516400
RefOn=1
RefLat=47.39811700
RefLong=12.43516400
