[Symbol 1]
Typ=3
Group=1
Col=8
Zoom=1
Size=105
Art=1
Punkte=41
XKoord0=12.43764200
YKoord0=47.39702200
XKoord1=12.43990200
YKoord1=47.39713400
XKoord2=12.44186600
YKoord2=47.39676000
XKoord3=12.44271700
YKoord3=47.39659900
XKoord4=12.44515300
YKoord4=47.39432100
XKoord5=12.44792600
YKoord5=47.39315800
XKoord6=12.45031800
YKoord6=47.39223100
XKoord7=12.45284700
YKoord7=47.39139000
XKoord8=12.45395600
YKoord8=47.39113100
XKoord9=12.45565700
YKoord9=47.38977500
XKoord10=12.45699700
YKoord10=47.38798000
XKoord11=12.45902500
YKoord11=47.38656900
XKoord12=12.45896600
YKoord12=47.38567000
XKoord13=12.46065700
YKoord13=47.38417900
XKoord14=12.46176500
YKoord14=47.38288600
XKoord15=12.46272100
YKoord15=47.38231700
XKoord16=12.46452900
YKoord16=47.38158700
XKoord17=12.46536500
YKoord17=47.38120200
XKoord18=12.46745500
YKoord18=47.38017800
XKoord19=12.46805000
YKoord19=47.38016000
XKoord20=12.46892400
YKoord20=47.38035900
XKoord21=12.46920300
YKoord21=47.38057500
XKoord22=12.46935900
YKoord22=47.38093000
XKoord23=12.47093600
YKoord23=47.38173700
XKoord24=12.47116700
YKoord24=47.38222500
XKoord25=12.47127700
YKoord25=47.38289700
XKoord26=12.47163400
YKoord26=47.38329100
XKoord27=12.47273700
YKoord27=47.38393300
XKoord28=12.47374900
YKoord28=47.38421700
XKoord29=12.47450900
YKoord29=47.38468900
XKoord30=12.47589200
YKoord30=47.38455700
XKoord31=12.47665600
YKoord31=47.38408400
XKoord32=12.47682300
YKoord32=47.38259400
XKoord33=12.47677500
YKoord33=47.38187500
XKoord34=12.47687800
YKoord34=47.38142200
XKoord35=12.47760300
YKoord35=47.38036500
XKoord36=12.47874600
YKoord36=47.37961100
XKoord37=12.47916500
YKoord37=47.37892300
XKoord38=12.48076700
YKoord38=47.37810900
XKoord39=12.48205100
YKoord39=47.37748500
XKoord40=12.48284700
YKoord40=47.37750600
[Overlay]
Symbols=1
[MapLage]
MapName=ÖK50-West
DimmFc=100
ZoomFc=100
CenterLat=47.39702200
CenterLong=12.43764200
RefOn=1
RefLat=47.39702200
RefLong=12.43764200
