[Symbol 1]
Typ=3
Group=1
Col=8
Zoom=1
Size=105
Art=1
Punkte=50
XKoord0=12.46194000
YKoord0=47.40899100
XKoord1=12.46287200
YKoord1=47.40905300
XKoord2=12.46464000
YKoord2=47.40872900
XKoord3=12.46527800
YKoord3=47.40835000
XKoord4=12.46603900
YKoord4=47.40783200
XKoord5=12.46735100
YKoord5=47.40761200
XKoord6=12.46849600
YKoord6=47.40789300
XKoord7=12.47064000
YKoord7=47.40724300
XKoord8=12.47172700
YKoord8=47.40662500
XKoord9=12.47325100
YKoord9=47.40662400
XKoord10=12.47463200
YKoord10=47.40545700
XKoord11=12.47525700
YKoord11=47.40588800
XKoord12=12.47641800
YKoord12=47.40540300
XKoord13=12.47724300
YKoord13=47.40483800
XKoord14=12.47771000
YKoord14=47.40387800
XKoord15=12.47912700
YKoord15=47.40325000
XKoord16=12.47948100
YKoord16=47.40360000
XKoord17=12.48145300
YKoord17=47.40336000
XKoord18=12.48258100
YKoord18=47.40337000
XKoord19=12.48296600
YKoord19=47.40317900
XKoord20=12.48339200
YKoord20=47.40361600
XKoord21=12.48712600
YKoord21=47.40395200
XKoord22=12.48917700
YKoord22=47.40389000
XKoord23=12.49033100
YKoord23=47.40430400
XKoord24=12.49177700
YKoord24=47.40412500
XKoord25=12.49346900
YKoord25=47.40465900
XKoord26=12.49508400
YKoord26=47.40402400
XKoord27=12.49506100
YKoord27=47.40366500
XKoord28=12.49337500
YKoord28=47.40223200
XKoord29=12.49205700
YKoord29=47.40033700
XKoord30=12.49202100
YKoord30=47.39979800
XKoord31=12.49199100
YKoord31=47.39934900
XKoord32=12.49356500
YKoord32=47.39808600
XKoord33=12.49522500
YKoord33=47.39713500
XKoord34=12.49592300
YKoord34=47.39567400
XKoord35=12.49662700
YKoord35=47.39529300
XKoord36=12.49696100
YKoord36=47.39532700
XKoord37=12.49820300
YKoord37=47.39407500
XKoord38=12.49931200
YKoord38=47.39381600
XKoord39=12.50033500
YKoord39=47.39324400
XKoord40=12.50126300
YKoord40=47.39326100
XKoord41=12.50227000
YKoord41=47.39345500
XKoord42=12.50325600
YKoord42=47.39333500
XKoord43=12.50413400
YKoord43=47.39357800
XKoord44=12.50423300
YKoord44=47.39407000
XKoord45=12.50506800
YKoord45=47.39467500
XKoord46=12.50488200
YKoord46=47.39486000
XKoord47=12.50430700
YKoord47=47.39519300
XKoord48=12.50433700
YKoord48=47.39564200
XKoord49=12.50456800
YKoord49=47.39613000
[Overlay]
Symbols=1
[MapLage]
MapName=ÖK50-West
DimmFc=100
ZoomFc=100
CenterLat=47.40899100
CenterLong=12.46194000
RefOn=1
RefLat=47.40899100
RefLong=12.46194000
