[Symbol 1]
Typ=3
Group=1
Col=8
Zoom=1
Size=105
Art=1
Punkte=53
XKoord0=12.46200300
YKoord0=47.40887200
XKoord1=12.46290900
YKoord1=47.40904700
XKoord2=12.46454900
YKoord2=47.40879500
XKoord3=12.46582500
YKoord3=47.40803700
XKoord4=12.46604100
YKoord4=47.40778300
XKoord5=12.46779700
YKoord5=47.40777400
XKoord6=12.46902800
YKoord6=47.40785000
XKoord7=12.47140900
YKoord7=47.40676500
XKoord8=12.47212500
YKoord8=47.40656300
XKoord9=12.47329000
YKoord9=47.40664000
XKoord10=12.47433200
YKoord10=47.40586600
XKoord11=12.47476900
YKoord11=47.40544800
XKoord12=12.47488400
YKoord12=47.40569200
XKoord13=12.47578000
YKoord13=47.40571000
XKoord14=12.47674700
YKoord14=47.40529800
XKoord15=12.47752900
YKoord15=47.40408200
XKoord16=12.47756000
YKoord16=47.40354100
XKoord17=12.47901600
YKoord17=47.40250700
XKoord18=12.48033600
YKoord18=47.40192700
XKoord19=12.48219800
YKoord19=47.40101500
XKoord20=12.48240600
YKoord20=47.40064900
XKoord21=12.48342200
YKoord21=47.39990200
XKoord22=12.48475800
YKoord22=47.39905200
XKoord23=12.48490800
YKoord23=47.39882200
XKoord24=12.48521100
YKoord24=47.39789000
XKoord25=12.48481100
YKoord25=47.39635000
XKoord26=12.48488500
YKoord26=47.39495300
XKoord27=12.48502900
YKoord27=47.39463400
XKoord28=12.48527200
YKoord28=47.39379400
XKoord29=12.48587200
YKoord29=47.39334800
XKoord30=12.48577200
YKoord30=47.39283400
XKoord31=12.48634400
YKoord31=47.39245600
XKoord32=12.48652000
YKoord32=47.39161800
XKoord33=12.48762100
YKoord33=47.39122500
XKoord34=12.48795900
YKoord34=47.39132700
XKoord35=12.48836200
YKoord35=47.39041500
XKoord36=12.48868800
YKoord36=47.39033700
XKoord37=12.48956800
YKoord37=47.39010800
XKoord38=12.49017200
YKoord38=47.38973000
XKoord39=12.49006900
YKoord39=47.38908000
XKoord40=12.49013000
YKoord40=47.38799800
XKoord41=12.49055800
YKoord41=47.38695000
XKoord42=12.49091700
YKoord42=47.38536400
XKoord43=12.49147000
YKoord43=47.38492400
XKoord44=12.49193900
YKoord44=47.38401000
XKoord45=12.49285700
YKoord45=47.38285700
XKoord46=12.49295400
YKoord46=47.38132400
XKoord47=12.49318700
YKoord47=47.37983200
XKoord48=12.49477400
YKoord48=47.37978300
XKoord49=12.49684200
YKoord49=47.37928900
XKoord50=12.49807500
YKoord50=47.37990300
XKoord51=12.49896600
YKoord51=47.38034900
XKoord52=12.49827500
YKoord52=47.38142700
[Overlay]
Symbols=1
[MapLage]
MapName=ÖK50-West
DimmFc=100
ZoomFc=100
CenterLat=47.40887200
CenterLong=12.46200300
RefOn=1
RefLat=47.40887200
RefLong=12.46200300
