[Symbol 1]
Typ=3
Group=1
Col=8
Zoom=1
Size=105
Art=1
Punkte=40
XKoord0=11.21995100
YKoord0=47.20195900
XKoord1=11.22279800
YKoord1=47.19897900
XKoord2=11.22340500
YKoord2=47.19770800
XKoord3=11.22399700
YKoord3=47.19607600
XKoord4=11.22422500
YKoord4=47.19521700
XKoord5=11.22399500
YKoord5=47.19445600
XKoord6=11.22395600
YKoord6=47.19351200
XKoord7=11.22415700
YKoord7=47.19202400
XKoord8=11.22405000
YKoord8=47.19103600
XKoord9=11.22361500
YKoord9=47.19009900
XKoord10=11.22291400
YKoord10=47.18754800
XKoord11=11.22123200
YKoord11=47.18519600
XKoord12=11.22153500
YKoord12=47.18456000
XKoord13=11.22040300
YKoord13=47.18273700
XKoord14=11.22090300
YKoord14=47.18047800
XKoord15=11.22057700
YKoord15=47.17900000
XKoord16=11.21959700
YKoord16=47.17654100
XKoord17=11.21864000
YKoord17=47.17575000
XKoord18=11.21758300
YKoord18=47.17499300
XKoord19=11.21786600
YKoord19=47.17386300
XKoord20=11.21874600
YKoord20=47.17281100
XKoord21=11.21970800
YKoord21=47.17216200
XKoord22=11.21946400
YKoord22=47.17104200
XKoord23=11.21835300
YKoord23=47.16971400
XKoord24=11.21911400
YKoord24=47.16897900
XKoord25=11.21961700
YKoord25=47.16838500
XKoord26=11.22097900
YKoord26=47.16781800
XKoord27=11.22202600
YKoord27=47.16761800
XKoord28=11.22199600
YKoord28=47.16689900
XKoord29=11.22177400
YKoord29=47.16631800
XKoord30=11.22149100
YKoord30=47.16587400
XKoord31=11.22178200
YKoord31=47.16492300
XKoord32=11.22349200
YKoord32=47.16480000
XKoord33=11.22685400
YKoord33=47.16473400
XKoord34=11.22849200
YKoord34=47.16447800
XKoord35=11.23073000
YKoord35=47.16434400
XKoord36=11.23256600
YKoord36=47.16408300
XKoord37=11.23452700
YKoord37=47.16364000
XKoord38=11.23595200
YKoord38=47.16302700
XKoord39=11.23832700
YKoord39=47.16302600
[Overlay]
Symbols=1
[MapLage]
MapName=ÖK50-West
DimmFc=100
ZoomFc=100
CenterLat=47.20195900
CenterLong=11.21995100
RefOn=1
RefLat=47.20195900
RefLong=11.21995100
