[Symbol 1]
Typ=3
Group=1
Col=8
Zoom=1
Size=105
Art=1
Punkte=78
XKoord0=11.21995100
YKoord0=47.20195900
XKoord1=11.22279800
YKoord1=47.19897900
XKoord2=11.22340500
YKoord2=47.19770800
XKoord3=11.22399700
YKoord3=47.19607600
XKoord4=11.22422500
YKoord4=47.19521700
XKoord5=11.22399500
YKoord5=47.19445600
XKoord6=11.22395600
YKoord6=47.19351200
XKoord7=11.22415700
YKoord7=47.19202400
XKoord8=11.22405000
YKoord8=47.19103600
XKoord9=11.22361500
YKoord9=47.19009900
XKoord10=11.22291400
YKoord10=47.18754800
XKoord11=11.22123200
YKoord11=47.18519600
XKoord12=11.22153500
YKoord12=47.18456000
XKoord13=11.22040300
YKoord13=47.18273700
XKoord14=11.22090300
YKoord14=47.18047800
XKoord15=11.22057700
YKoord15=47.17900000
XKoord16=11.21959700
YKoord16=47.17654100
XKoord17=11.21864000
YKoord17=47.17575000
XKoord18=11.21707500
YKoord18=47.17461000
XKoord19=11.21724100
YKoord19=47.17541700
XKoord20=11.21552300
YKoord20=47.17378500
XKoord21=11.21479600
YKoord21=47.17217900
XKoord22=11.21417100
YKoord22=47.17142700
XKoord23=11.21368000
YKoord23=47.17071600
XKoord24=11.21365500
YKoord24=47.17013200
XKoord25=11.21316400
YKoord25=47.16942100
XKoord26=11.21216400
YKoord26=47.16917100
XKoord27=11.21207800
YKoord27=47.16867700
XKoord28=11.21305000
YKoord28=47.16825400
XKoord29=11.21335300
YKoord29=47.16761800
XKoord30=11.21320800
YKoord30=47.16730600
XKoord31=11.21256200
YKoord31=47.16763300
XKoord32=11.21178600
YKoord32=47.16800800
XKoord33=11.21093300
YKoord33=47.16811500
XKoord34=11.20972700
YKoord34=47.16768800
XKoord35=11.20820700
YKoord35=47.16762700
XKoord36=11.20816400
YKoord36=47.16816800
XKoord37=11.20896200
YKoord37=47.16990700
XKoord38=11.20640400
YKoord38=47.16869700
XKoord39=11.20619300
YKoord39=47.16838600
XKoord40=11.20635500
YKoord40=47.16910300
XKoord41=11.20453800
YKoord41=47.16823800
XKoord42=11.20373400
YKoord42=47.16733900
XKoord43=11.20304100
YKoord43=47.16654300
XKoord44=11.20322200
YKoord44=47.16613400
XKoord45=11.20180200
YKoord45=47.16530700
XKoord46=11.20153800
YKoord46=47.16369200
XKoord47=11.20168300
YKoord47=47.16242900
XKoord48=11.20151800
YKoord48=47.16162300
XKoord49=11.20194200
YKoord49=47.16071500
XKoord50=11.20267100
YKoord50=47.16079100
XKoord51=11.20264700
YKoord51=47.16020600
XKoord52=11.20350400
YKoord52=47.16019000
XKoord53=11.20312800
YKoord53=47.15907200
XKoord54=11.20354300
YKoord54=47.15793900
XKoord55=11.20294700
YKoord55=47.15628600
XKoord56=11.20323800
YKoord56=47.15376000
XKoord57=11.20304700
YKoord57=47.15232400
XKoord58=11.20226200
YKoord58=47.15089900
XKoord59=11.19970200
YKoord59=47.14959900
XKoord60=11.19820100
YKoord60=47.14998800
XKoord61=11.19661200
YKoord61=47.14983800
XKoord62=11.19616900
YKoord62=47.15029700
XKoord63=11.19613500
YKoord63=47.15106200
XKoord64=11.19268800
YKoord64=47.15063300
XKoord65=11.19213800
YKoord65=47.15010400
XKoord66=11.19049200
YKoord66=47.14856100
XKoord67=11.18963100
YKoord67=47.14848700
XKoord68=11.18793500
YKoord68=47.14892400
XKoord69=11.18637900
YKoord69=47.14958400
XKoord70=11.18575800
YKoord70=47.15054100
XKoord71=11.18526400
YKoord71=47.15136000
XKoord72=11.18417000
YKoord72=47.15201100
XKoord73=11.18036000
YKoord73=47.15239900
XKoord74=11.17748200
YKoord74=47.15137300
XKoord75=11.17533800
YKoord75=47.15055900
XKoord76=11.17256300
YKoord76=47.14881200
XKoord77=11.17013300
YKoord77=47.14746300
[Overlay]
Symbols=1
[MapLage]
MapName=ÖK50-West
DimmFc=100
ZoomFc=100
CenterLat=47.20195900
CenterLong=11.21995100
RefOn=1
RefLat=47.20195900
RefLong=11.21995100
