[Symbol 1]
Typ=3
Group=1
Col=8
Zoom=1
Size=105
Art=1
Punkte=73
XKoord0=11.21768500
YKoord0=47.17427100
XKoord1=11.21752500
YKoord1=47.17360000
XKoord2=11.21804300
YKoord2=47.17336500
XKoord3=11.21814700
YKoord3=47.17268800
XKoord4=11.21847200
YKoord4=47.17259100
XKoord5=11.21824300
YKoord5=47.17183100
XKoord6=11.21767600
YKoord6=47.17089700
XKoord7=11.21732000
YKoord7=47.17027400
XKoord8=11.21695100
YKoord8=47.16933600
XKoord9=11.21631100
YKoord9=47.16822400
XKoord10=11.21559600
YKoord10=47.16688800
XKoord11=11.21530800
YKoord11=47.16630800
XKoord12=11.21472600
YKoord12=47.16501500
XKoord13=11.21464200
YKoord13=47.16456600
XKoord14=11.21461000
YKoord14=47.16380200
XKoord15=11.21484400
YKoord15=47.16307800
XKoord16=11.21502300
YKoord16=47.16262400
XKoord17=11.21500200
YKoord17=47.16213000
XKoord18=11.21497200
YKoord18=47.16141000
XKoord19=11.21641500
YKoord19=47.15962800
XKoord20=11.21657900
YKoord20=47.15881400
XKoord21=11.21701600
YKoord21=47.15822100
XKoord22=11.21679100
YKoord22=47.15755100
XKoord23=11.21697100
YKoord23=47.15714200
XKoord24=11.21703000
YKoord24=47.15696100
XKoord25=11.21771000
YKoord25=47.15744300
XKoord26=11.21740100
YKoord26=47.15636900
XKoord27=11.21734500
YKoord27=47.15515300
XKoord28=11.21672000
YKoord28=47.15440000
XKoord29=11.21651900
YKoord29=47.15273900
XKoord30=11.21575400
YKoord30=47.15180900
XKoord31=11.21532700
YKoord31=47.15105200
XKoord32=11.21501900
YKoord32=47.14997800
XKoord33=11.21485700
YKoord33=47.14926200
XKoord34=11.21454700
YKoord34=47.14814300
XKoord35=11.21425100
YKoord35=47.14738400
XKoord36=11.21380000
YKoord36=47.14604200
XKoord37=11.21381500
YKoord37=47.14482700
XKoord38=11.21357100
YKoord38=47.14370700
XKoord39=11.21230000
YKoord39=47.14328200
XKoord40=11.21173200
YKoord40=47.14230300
XKoord41=11.21098500
YKoord41=47.14177700
XKoord42=11.21023400
YKoord42=47.14116200
XKoord43=11.20919900
YKoord43=47.14005700
XKoord44=11.20749600
YKoord44=47.13874000
XKoord45=11.20719900
YKoord45=47.13793600
XKoord46=11.20645000
YKoord46=47.13736500
XKoord47=11.20475100
YKoord47=47.13613800
XKoord48=11.20282800
YKoord48=47.13428500
XKoord49=11.20098400
YKoord49=47.13274600
XKoord50=11.19947300
YKoord50=47.13129000
XKoord51=11.19957900
YKoord51=47.13065800
XKoord52=11.19989000
YKoord52=47.13020200
XKoord53=11.19960000
YKoord53=47.12881100
XKoord54=11.20000600
YKoord54=47.12745300
XKoord55=11.20063300
YKoord55=47.12667600
XKoord56=11.20052600
YKoord56=47.12568900
XKoord57=11.20091500
YKoord57=47.12392600
XKoord58=11.20074600
YKoord58=47.12303000
XKoord59=11.20096700
YKoord59=47.12199100
XKoord60=11.20188200
YKoord60=47.12179300
XKoord61=11.20060100
YKoord61=47.12109800
XKoord62=11.20017200
YKoord62=47.12029600
XKoord63=11.19940700
YKoord63=47.11932100
XKoord64=11.19838300
YKoord64=47.11848600
XKoord65=11.19784900
YKoord65=47.11831600
XKoord66=11.19846500
YKoord66=47.11726900
XKoord67=11.19917900
YKoord67=47.11698500
XKoord68=11.19930100
YKoord68=47.11675800
XKoord69=11.19870100
YKoord69=47.11659000
XKoord70=11.19776600
YKoord70=47.11629300
XKoord71=11.19735800
YKoord71=47.11598600
XKoord72=11.19688400
YKoord72=47.11568000
[Overlay]
Symbols=1
[MapLage]
MapName=ÖK50-West
DimmFc=100
ZoomFc=100
CenterLat=47.17427100
CenterLong=11.21768500
RefOn=1
RefLat=47.17427100
RefLong=11.21768500
