[Symbol 1]
Typ=3
Group=1
Col=8
Zoom=1
Size=105
Art=1
Punkte=77
XKoord0=11.21995100
YKoord0=47.20195900
XKoord1=11.22279800
YKoord1=47.19897900
XKoord2=11.22340500
YKoord2=47.19770800
XKoord3=11.22399700
YKoord3=47.19607600
XKoord4=11.22422500
YKoord4=47.19521700
XKoord5=11.22399500
YKoord5=47.19445600
XKoord6=11.22395600
YKoord6=47.19351200
XKoord7=11.22415700
YKoord7=47.19202400
XKoord8=11.22405000
YKoord8=47.19103600
XKoord9=11.22361500
YKoord9=47.19009900
XKoord10=11.22291400
YKoord10=47.18754800
XKoord11=11.22123200
YKoord11=47.18519600
XKoord12=11.22153500
YKoord12=47.18456000
XKoord13=11.22040300
YKoord13=47.18273700
XKoord14=11.22090300
YKoord14=47.18047800
XKoord15=11.22057700
YKoord15=47.17900000
XKoord16=11.21959700
YKoord16=47.17654100
XKoord17=11.21864000
YKoord17=47.17575000
XKoord18=11.21707500
YKoord18=47.17461000
XKoord19=11.21724100
YKoord19=47.17541700
XKoord20=11.21552300
YKoord20=47.17378500
XKoord21=11.21479600
YKoord21=47.17217900
XKoord22=11.21417100
YKoord22=47.17142700
XKoord23=11.21368000
YKoord23=47.17071600
XKoord24=11.21365500
YKoord24=47.17013200
XKoord25=11.21316400
YKoord25=47.16942100
XKoord26=11.21216400
YKoord26=47.16917100
XKoord27=11.21207800
YKoord27=47.16867700
XKoord28=11.21305000
YKoord28=47.16825400
XKoord29=11.21335300
YKoord29=47.16761800
XKoord30=11.21320800
YKoord30=47.16730600
XKoord31=11.21256200
YKoord31=47.16763300
XKoord32=11.21178600
YKoord32=47.16800800
XKoord33=11.21093300
YKoord33=47.16811500
XKoord34=11.20972700
YKoord34=47.16768800
XKoord35=11.20820700
YKoord35=47.16762700
XKoord36=11.20816400
YKoord36=47.16816800
XKoord37=11.20896200
YKoord37=47.16990700
XKoord38=11.20640400
YKoord38=47.16869700
XKoord39=11.20619300
YKoord39=47.16838600
XKoord40=11.20635500
YKoord40=47.16910300
XKoord41=11.20453800
YKoord41=47.16823800
XKoord42=11.20456600
YKoord42=47.16891200
XKoord43=11.20356600
YKoord43=47.16866200
XKoord44=11.20316100
YKoord44=47.16844400
XKoord45=11.20291900
YKoord45=47.16898900
XKoord46=11.20249700
YKoord46=47.16994200
XKoord47=11.20393200
YKoord47=47.17112900
XKoord48=11.20395400
YKoord48=47.17166900
XKoord49=11.20484500
YKoord49=47.17246200
XKoord50=11.20520600
YKoord50=47.17321900
XKoord51=11.20596300
YKoord51=47.17397000
XKoord52=11.20583100
YKoord52=47.17481400
XKoord53=11.20498500
YKoord53=47.17510000
XKoord54=11.20307300
YKoord54=47.17513700
XKoord55=11.20062400
YKoord55=47.17495900
XKoord56=11.19729700
YKoord56=47.17587800
XKoord57=11.19595300
YKoord57=47.17689400
XKoord58=11.19466000
YKoord58=47.17754800
XKoord59=11.19346100
YKoord59=47.17803500
XKoord60=11.19254600
YKoord60=47.17749900
XKoord61=11.19123000
YKoord61=47.17834700
XKoord62=11.18926500
YKoord62=47.17870000
XKoord63=11.18777200
YKoord63=47.17931300
XKoord64=11.18639700
YKoord64=47.17956400
XKoord65=11.18425000
YKoord65=47.18032500
XKoord66=11.18320500
YKoord66=47.18057000
XKoord67=11.18149000
YKoord67=47.18060300
XKoord68=11.18063300
YKoord68=47.18061900
XKoord69=11.17919100
YKoord69=47.18087200
XKoord70=11.17884700
YKoord70=47.18051800
XKoord71=11.17899100
YKoord71=47.17921100
XKoord72=11.17940100
YKoord72=47.17794300
XKoord73=11.17937400
YKoord73=47.17726900
XKoord74=11.17941000
YKoord74=47.17654800
XKoord75=11.18059200
YKoord75=47.17639100
XKoord76=11.18149400
YKoord76=47.17587800
[Overlay]
Symbols=1
[MapLage]
MapName=ÖK50-West
DimmFc=100
ZoomFc=100
CenterLat=47.20195900
CenterLong=11.21995100
RefOn=1
RefLat=47.20195900
RefLong=11.21995100
