[Symbol 1]
Typ=3
Group=1
Col=8
Zoom=1
Size=105
Art=1
Punkte=31
XKoord0=11.17842800
YKoord0=47.26635700
XKoord1=11.17880200
YKoord1=47.26581000
XKoord2=11.17854300
YKoord2=47.26433000
XKoord3=11.17889500
YKoord3=47.26324300
XKoord4=11.17931300
YKoord4=47.26215600
XKoord5=11.17927100
YKoord5=47.26112200
XKoord6=11.17837700
YKoord6=47.26190300
XKoord7=11.17834600
YKoord7=47.26113900
XKoord8=11.17784500
YKoord8=47.26020400
XKoord9=11.17748000
YKoord9=47.25935600
XKoord10=11.17673300
YKoord10=47.25887500
XKoord11=11.17574600
YKoord11=47.25898400
XKoord12=11.17434300
YKoord12=47.25860500
XKoord13=11.17314100
YKoord13=47.25831300
XKoord14=11.17128500
YKoord14=47.25816900
XKoord15=11.17021900
YKoord15=47.25796400
XKoord16=11.16953800
YKoord16=47.25748200
XKoord17=11.16846900
YKoord17=47.25718700
XKoord18=11.16780300
YKoord18=47.25706500
XKoord19=11.16686400
YKoord19=47.25672200
XKoord20=11.16558900
YKoord20=47.25625200
XKoord21=11.16465300
YKoord21=47.25599900
XKoord22=11.16359900
YKoord22=47.25606400
XKoord23=11.16265000
YKoord23=47.25549700
XKoord24=11.16204500
YKoord24=47.25523900
XKoord25=11.16116600
YKoord25=47.25476000
XKoord26=11.16034800
YKoord26=47.25414600
XKoord27=11.15847200
YKoord27=47.25350600
XKoord28=11.15685600
YKoord28=47.25277200
XKoord29=11.15578300
YKoord29=47.25238700
XKoord30=11.15250400
YKoord30=47.25136900
[Overlay]
Symbols=1
[MapLage]
MapName=ÖK50-West
DimmFc=100
ZoomFc=100
CenterLat=47.26635700
CenterLong=11.17842800
RefOn=1
RefLat=47.26635700
RefLong=11.17842800
