[Symbol 1]
Typ=3
Group=1
Col=8
Zoom=1
Size=105
Art=1
Punkte=62
XKoord0=11.10110300
YKoord0=47.20112800
XKoord1=11.09862800
YKoord1=47.19865300
XKoord2=11.09880000
YKoord2=47.19797500
XKoord3=11.09842400
YKoord3=47.19681200
XKoord4=11.09788400
YKoord4=47.19484200
XKoord5=11.09866800
YKoord5=47.19464800
XKoord6=11.09850600
YKoord6=47.19388600
XKoord7=11.09829300
YKoord7=47.19015500
XKoord8=11.09890800
YKoord8=47.18901900
XKoord9=11.09880000
YKoord9=47.18794100
XKoord10=11.09700400
YKoord10=47.18590500
XKoord11=11.09695600
YKoord11=47.18469100
XKoord12=11.09637900
YKoord12=47.18344100
XKoord13=11.09686400
YKoord13=47.18235300
XKoord14=11.09866600
YKoord14=47.17953000
XKoord15=11.09795600
YKoord15=47.17657300
XKoord16=11.09779400
YKoord16=47.17581100
XKoord17=11.09824700
YKoord17=47.17557800
XKoord18=11.09789900
YKoord18=47.17513400
XKoord19=11.09719400
YKoord19=47.17397700
XKoord20=11.09366800
YKoord20=47.17048400
XKoord21=11.09094800
YKoord21=47.16841900
XKoord22=11.09014300
YKoord22=47.16807400
XKoord23=11.09065100
YKoord23=47.16756900
XKoord24=11.09057600
YKoord24=47.16734600
XKoord25=11.08899000
YKoord25=47.16728500
XKoord26=11.08837700
YKoord26=47.16680100
XKoord27=11.08915800
YKoord27=47.16651700
XKoord28=11.08821900
YKoord28=47.16612900
XKoord29=11.08880200
YKoord29=47.16584800
XKoord30=11.08764700
YKoord30=47.16501500
XKoord31=11.08667000
YKoord31=47.16363800
XKoord32=11.08455400
YKoord32=47.16183100
XKoord33=11.08236900
YKoord33=47.15993600
XKoord34=11.08038700
YKoord34=47.15817300
XKoord35=11.08014400
YKoord35=47.15700700
XKoord36=11.07852500
YKoord36=47.15609200
XKoord37=11.07815100
YKoord37=47.15497300
XKoord38=11.07844100
YKoord38=47.15393300
XKoord39=11.07919800
YKoord39=47.15306500
XKoord40=11.08047600
YKoord40=47.15200700
XKoord41=11.08079300
YKoord41=47.15168600
XKoord42=11.08012500
YKoord42=47.15147300
XKoord43=11.08053200
YKoord43=47.15007100
XKoord44=11.08147900
YKoord44=47.14897400
XKoord45=11.08213700
YKoord45=47.14725200
XKoord46=11.08228700
YKoord46=47.14603400
XKoord47=11.08248800
YKoord47=47.14441100
XKoord48=11.08208100
YKoord48=47.14243900
XKoord49=11.08105800
YKoord49=47.13916800
XKoord50=11.08105200
YKoord50=47.13732300
XKoord51=11.08103400
YKoord51=47.13516400
XKoord52=11.08059200
YKoord52=47.13229200
XKoord53=11.07985200
YKoord53=47.12515100
XKoord54=11.07919400
YKoord54=47.12349900
XKoord55=11.07828200
YKoord55=47.12207500
XKoord56=11.07555400
YKoord56=47.11974000
XKoord57=11.07188500
YKoord57=47.11692700
XKoord58=11.06912400
YKoord58=47.11540200
XKoord59=11.06474900
YKoord59=47.11487900
XKoord60=11.06402100
YKoord60=47.11480200
XKoord61=11.06359800
YKoord61=47.11409000
[Overlay]
Symbols=1
[MapLage]
MapName=ÖK50-West
DimmFc=100
ZoomFc=100
CenterLat=47.20112800
CenterLong=11.10110300
RefOn=1
RefLat=47.20112800
RefLong=11.10110300
