[Symbol 1]
Typ=3
Group=1
Col=8
Zoom=1
Size=105
Art=1
Punkte=25
XKoord0=11.00059800
YKoord0=47.21395400
XKoord1=10.99965600
YKoord1=47.21435300
XKoord2=10.99832200
YKoord2=47.21311600
XKoord3=10.99663600
YKoord3=47.21159000
XKoord4=10.99645000
YKoord4=47.21103100
XKoord5=10.99602200
YKoord5=47.21111200
XKoord6=10.99483800
YKoord6=47.21122200
XKoord7=10.99378200
YKoord7=47.21124100
XKoord8=10.99287200
YKoord8=47.21161700
XKoord9=10.99097000
YKoord9=47.21196500
XKoord10=10.98978200
YKoord10=47.21076800
XKoord11=10.98952400
YKoord11=47.20917500
XKoord12=10.98852400
YKoord12=47.20716800
XKoord13=10.98674300
YKoord13=47.20602300
XKoord14=10.98572200
YKoord14=47.20343100
XKoord15=10.98396100
YKoord15=47.20049200
XKoord16=10.97914900
YKoord16=47.19891000
XKoord17=10.97588500
YKoord17=47.19811200
XKoord18=10.97304700
YKoord18=47.19636100
XKoord19=10.96887100
YKoord19=47.19589300
XKoord20=10.96884400
YKoord20=47.19692800
XKoord21=10.96724300
YKoord21=47.19826000
XKoord22=10.96714500
YKoord22=47.19920700
XKoord23=10.96901600
YKoord23=47.19980500
XKoord24=10.96972200
YKoord24=47.20105200
[Symbol 2]
Typ=6
Group=2
Width=20
Height=20
Dir=100
Art=1
Col=2
Zoom=1
Size=102
Area=2
XKoord=11.00066400
YKoord=47.21388800
[Overlay]
Symbols=2
[MapLage]
MapName=ÖK50-West
DimmFc=100
ZoomFc=100
CenterLat=47.21395400
CenterLong=11.00059800
RefOn=1
RefLat=47.21395400
RefLong=11.00059800
