[Symbol 1]
Typ=3
Group=1
Col=8
Zoom=1
Size=105
Art=1
Punkte=59
XKoord0=10.96115200
YKoord0=47.23215200
XKoord1=10.96263000
YKoord1=47.23232900
XKoord2=10.96410400
YKoord2=47.23204900
XKoord3=10.96577700
YKoord3=47.23154000
XKoord4=10.96654700
YKoord4=47.23135500
XKoord5=10.96725300
YKoord5=47.23142000
XKoord6=10.96712200
YKoord6=47.23183200
XKoord7=10.96655400
YKoord7=47.23210900
XKoord8=10.96642300
YKoord8=47.23252000
XKoord9=10.96572300
YKoord9=47.23314000
XKoord10=10.96769800
YKoord10=47.23258400
XKoord11=10.96673000
YKoord11=47.23320500
XKoord12=10.96609600
YKoord12=47.23361900
XKoord13=10.96532500
YKoord13=47.23369000
XKoord14=10.96321900
YKoord14=47.23468100
XKoord15=10.96194500
YKoord15=47.23482200
XKoord16=10.96087300
YKoord16=47.23496400
XKoord17=10.96074100
YKoord17=47.23521500
XKoord18=10.95698800
YKoord18=47.23586900
XKoord19=10.95497900
YKoord19=47.23640200
XKoord20=10.95451300
YKoord20=47.23690700
XKoord21=10.95388100
YKoord21=47.23754900
XKoord22=10.95264900
YKoord22=47.23874200
XKoord23=10.95523400
YKoord23=47.23886900
XKoord24=10.95805000
YKoord24=47.23860800
XKoord25=10.95989300
YKoord25=47.23828100
XKoord26=10.96277400
YKoord26=47.23776700
XKoord27=10.96713900
YKoord27=47.23807100
XKoord28=10.96992200
YKoord28=47.23785500
XKoord29=10.97250200
YKoord29=47.23738800
XKoord30=10.97464800
YKoord30=47.23724200
XKoord31=10.97525400
YKoord31=47.23742300
XKoord32=10.97743300
YKoord32=47.23718600
XKoord33=10.97930900
YKoord33=47.23690500
XKoord34=10.98011200
YKoord34=47.23660400
XKoord35=10.98158900
YKoord35=47.23652900
XKoord36=10.98357800
YKoord36=47.23755000
XKoord37=10.98505700
YKoord37=47.23793200
XKoord38=10.98770400
YKoord38=47.23748800
XKoord39=10.98837600
YKoord39=47.23755300
XKoord40=10.99034900
YKoord40=47.23683700
XKoord41=10.99061300
YKoord41=47.23631100
XKoord42=10.99080900
YKoord42=47.23567000
XKoord43=10.99291800
YKoord43=47.23515900
XKoord44=10.99546100
YKoord44=47.23437200
XKoord45=10.99643200
YKoord45=47.23411600
XKoord46=10.99683200
YKoord46=47.23381800
XKoord47=10.99716700
YKoord47=47.23374800
XKoord48=10.99847600
YKoord48=47.23381100
XKoord49=10.99938300
YKoord49=47.23394400
XKoord50=10.99951500
YKoord50=47.23369300
XKoord51=11.00004700
YKoord51=47.23316500
XKoord52=11.00018000
YKoord52=47.23298100
XKoord53=10.99987600
YKoord53=47.23277700
XKoord54=10.99937400
YKoord54=47.23289300
XKoord55=10.99920600
YKoord55=47.23282500
XKoord56=10.99903700
YKoord56=47.23275800
XKoord57=10.99866700
YKoord57=47.23264500
XKoord58=10.99857100
YKoord58=47.23312500
[Overlay]
Symbols=1
[MapLage]
MapName=ÖK50-West
DimmFc=100
ZoomFc=100
CenterLat=47.23215200
CenterLong=10.96115200
RefOn=1
RefLat=47.23215200
RefLong=10.96115200
