[Symbol 1]
Typ=3
Group=1
Col=8
Zoom=1
Size=105
Art=1
Punkte=55
XKoord0=10.96092300
YKoord0=47.23201500
XKoord1=10.96225600
YKoord1=47.23235200
XKoord2=10.96448500
YKoord2=47.23188700
XKoord3=10.96559900
YKoord3=47.23164300
XKoord4=10.96644600
YKoord4=47.23133600
XKoord5=10.96697200
YKoord5=47.23125900
XKoord6=10.96826900
YKoord6=47.23150700
XKoord7=10.97002900
YKoord7=47.23174700
XKoord8=10.97050500
YKoord8=47.23212100
XKoord9=10.97090800
YKoord9=47.23229400
XKoord10=10.97124500
YKoord10=47.23249100
XKoord11=10.97168300
YKoord11=47.23270800
XKoord12=10.97231500
YKoord12=47.23283200
XKoord13=10.97291800
YKoord13=47.23306900
XKoord14=10.97322800
YKoord14=47.23340100
XKoord15=10.97396200
YKoord15=47.23361400
XKoord16=10.97516600
YKoord16=47.23399800
XKoord17=10.97520800
YKoord17=47.23424500
XKoord18=10.97554500
YKoord18=47.23444100
XKoord19=10.97627600
YKoord19=47.23454100
XKoord20=10.97684000
YKoord20=47.23462100
XKoord21=10.97688200
YKoord21=47.23484600
XKoord22=10.97721400
YKoord22=47.23490700
XKoord23=10.97717200
YKoord23=47.23553800
XKoord24=10.97761100
YKoord24=47.23670000
XKoord25=10.97942500
YKoord25=47.23662400
XKoord26=10.98120700
YKoord26=47.23657100
XKoord27=10.98298300
YKoord27=47.23726000
XKoord28=10.98558600
YKoord28=47.23795700
XKoord29=10.98699500
YKoord29=47.23766300
XKoord30=10.98775400
YKoord30=47.23765000
XKoord31=10.98834900
YKoord31=47.23763900
XKoord32=10.98907100
YKoord32=47.23753700
XKoord33=10.99017900
YKoord33=47.23713500
XKoord34=10.99079200
YKoord34=47.23671900
XKoord35=10.99077500
YKoord35=47.23627000
XKoord36=10.99112200
YKoord36=47.23583600
XKoord37=10.99150900
YKoord37=47.23560500
XKoord38=10.99239200
YKoord38=47.23536400
XKoord39=10.99363500
YKoord39=47.23502800
XKoord40=10.99454600
YKoord40=47.23467400
XKoord41=10.99562500
YKoord41=47.23436300
XKoord42=10.99624800
YKoord42=47.23424000
XKoord43=10.99713300
YKoord43=47.23406700
XKoord44=10.99745400
YKoord44=47.23381400
XKoord45=10.99898200
YKoord45=47.23405700
XKoord46=10.99951000
YKoord46=47.23402500
XKoord47=10.99975100
YKoord47=47.23341400
XKoord48=11.00000600
YKoord48=47.23318400
XKoord49=11.00002900
YKoord49=47.23291400
XKoord50=10.99952900
YKoord50=47.23278800
XKoord51=10.99935800
YKoord51=47.23263300
XKoord52=10.99896500
YKoord52=47.23273000
XKoord53=10.99880900
YKoord53=47.23295800
XKoord54=10.99871300
YKoord54=47.23304900
[Overlay]
Symbols=1
[MapLage]
MapName=ÖK50-West
DimmFc=100
ZoomFc=100
CenterLat=47.23201500
CenterLong=10.96092300
RefOn=1
RefLat=47.23201500
RefLong=10.96092300
