[Symbol 1]
Typ=3
Group=1
Col=8
Zoom=1
Size=105
Art=1
Punkte=50
XKoord0=11.08450000
YKoord0=47.20792800
XKoord1=11.08388400
YKoord1=47.20722300
XKoord2=11.08229300
YKoord2=47.20631900
XKoord3=11.08058800
YKoord3=47.20568600
XKoord4=11.07977900
YKoord4=47.20525100
XKoord5=11.07936500
YKoord5=47.20491000
XKoord6=11.07866200
YKoord6=47.20465300
XKoord7=11.07750000
YKoord7=47.20437000
XKoord8=11.07578200
YKoord8=47.20360200
XKoord9=11.07540500
YKoord9=47.20312500
XKoord10=11.07484300
YKoord10=47.20238200
XKoord11=11.07395400
YKoord11=47.20148700
XKoord12=11.07316900
YKoord12=47.20092800
XKoord13=11.07242400
YKoord13=47.20044600
XKoord14=11.07122500
YKoord14=47.19921900
XKoord15=11.07093000
YKoord15=47.19841400
XKoord16=11.07103300
YKoord16=47.19767000
XKoord17=11.07008000
YKoord17=47.19692300
XKoord18=11.06960800
YKoord18=47.19680100
XKoord19=11.06894100
YKoord19=47.19577800
XKoord20=11.06849400
YKoord20=47.19531300
XKoord21=11.06631600
YKoord21=47.19341900
XKoord22=11.06551500
YKoord22=47.19274700
XKoord23=11.06518600
YKoord23=47.19234800
XKoord24=11.06456200
YKoord24=47.19158300
XKoord25=11.06414200
YKoord25=47.19140000
XKoord26=11.06350800
YKoord26=47.19120900
XKoord27=11.06300500
YKoord27=47.19101500
XKoord28=11.06268100
YKoord28=47.19072900
XKoord29=11.06250000
YKoord29=47.19031600
XKoord30=11.06244700
YKoord30=47.18979900
XKoord31=11.06234500
YKoord31=47.18930600
XKoord32=11.06161600
YKoord32=47.18965700
XKoord33=11.05964100
YKoord33=47.18978200
XKoord34=11.05882700
YKoord34=47.18923400
XKoord35=11.05841000
YKoord35=47.18868000
XKoord36=11.05696900
YKoord36=47.18897500
XKoord37=11.05571000
YKoord37=47.18884000
XKoord38=11.05446700
YKoord38=47.18913300
XKoord39=11.05320100
YKoord39=47.18881800
XKoord40=11.05083100
YKoord40=47.18982800
XKoord41=11.04852400
YKoord41=47.19076900
XKoord42=11.04559700
YKoord42=47.19282300
XKoord43=11.04408300
YKoord43=47.19379500
XKoord44=11.04335100
YKoord44=47.19448300
XKoord45=11.04245500
YKoord45=47.19521900
XKoord46=11.04142900
YKoord46=47.19598000
XKoord47=11.04042000
YKoord47=47.19633500
XKoord48=11.04117400
YKoord48=47.19706400
XKoord49=11.04249800
YKoord49=47.19803000
[Symbol 2]
Typ=6
Group=2
Width=20
Height=20
Dir=100
Art=1
Col=2
Zoom=1
Size=102
Area=2
XKoord=11.08479800
YKoord=47.20804100
[Overlay]
Symbols=2
[MapLage]
MapName=ÖK50-West
DimmFc=100
ZoomFc=100
CenterLat=47.20792800
CenterLong=11.08450000
RefOn=1
RefLat=47.20792800
RefLong=11.08450000
