[Symbol 1]
Typ=3
Group=1
Col=8
Zoom=1
Size=105
Art=1
Punkte=21
XKoord0=11.23795100
YKoord0=47.24566800
XKoord1=11.23696800
YKoord1=47.24429200
XKoord2=11.23659600
YKoord2=47.24331000
XKoord3=11.23563600
YKoord3=47.24247400
XKoord4=11.23487800
YKoord4=47.24172400
XKoord5=11.23371000
YKoord5=47.24066600
XKoord6=11.23256300
YKoord6=47.24010400
XKoord7=11.23060700
YKoord7=47.23915200
XKoord8=11.22947400
YKoord8=47.23890400
XKoord9=11.22649700
YKoord9=47.23882700
XKoord10=11.22371000
YKoord10=47.23852100
XKoord11=11.22040000
YKoord11=47.23836100
XKoord12=11.21901000
YKoord12=47.23829800
XKoord13=11.21171400
YKoord13=47.23920400
XKoord14=11.20604800
YKoord14=47.23958300
XKoord15=11.19968200
YKoord15=47.24060500
XKoord16=11.19402900
YKoord16=47.24129900
XKoord17=11.18961700
YKoord17=47.24122300
XKoord18=11.18626800
YKoord18=47.24173700
XKoord19=11.18298800
YKoord19=47.24229400
XKoord20=11.18114700
YKoord20=47.24250900
[Overlay]
Symbols=1
[MapLage]
MapName=ÖK50-West
DimmFc=100
ZoomFc=100
CenterLat=47.24566800
CenterLong=11.23795100
RefOn=1
RefLat=47.24566800
RefLong=11.23795100
