[Symbol 1]
Typ=3
Group=1
Col=8
Zoom=1
Size=105
Art=1
Punkte=31
XKoord0=11.05657500
YKoord0=47.22402000
XKoord1=11.05844700
YKoord1=47.22421400
XKoord2=11.05966100
YKoord2=47.22438400
XKoord3=11.05943000
YKoord3=47.22495500
XKoord4=11.05712800
YKoord4=47.22673900
XKoord5=11.05509700
YKoord5=47.22866200
XKoord6=11.05374500
YKoord6=47.23035100
XKoord7=11.05075400
YKoord7=47.23249800
XKoord8=11.04909200
YKoord8=47.23327600
XKoord9=11.04579100
YKoord9=47.23451200
XKoord10=11.04441600
YKoord10=47.23523600
XKoord11=11.04335000
YKoord11=47.23687000
XKoord12=11.04335300
YKoord12=47.23809200
XKoord13=11.04433600
YKoord13=47.23883300
XKoord14=11.04555400
YKoord14=47.23909500
XKoord15=11.04857300
YKoord15=47.23944600
XKoord16=11.05287500
YKoord16=47.24049400
XKoord17=11.05413600
YKoord17=47.24150600
XKoord18=11.05606100
YKoord18=47.24257400
XKoord19=11.05615400
YKoord19=47.24327000
XKoord20=11.05613600
YKoord20=47.24367500
XKoord21=11.05500300
YKoord21=47.24428000
XKoord22=11.05453800
YKoord22=47.24505300
XKoord23=11.05363000
YKoord23=47.24635200
XKoord24=11.05338500
YKoord24=47.24685100
XKoord25=11.05338900
YKoord25=47.24696400
XKoord26=11.05420500
YKoord26=47.24670200
XKoord27=11.05595000
YKoord27=47.24653500
XKoord28=11.05689700
YKoord28=47.24624800
XKoord29=11.05844800
YKoord29=47.24622100
XKoord30=11.05923600
YKoord30=47.24609400
[Overlay]
Symbols=1
[MapLage]
MapName=ÖK50-West
DimmFc=100
ZoomFc=100
CenterLat=47.22402000
CenterLong=11.05657500
RefOn=1
RefLat=47.22402000
RefLong=11.05657500
