[Symbol 1]
Typ=3
Group=1
Col=8
Zoom=1
Size=105
Art=1
Punkte=84
XKoord0=11.22071200
YKoord0=47.23747400
XKoord1=11.22105900
YKoord1=47.23787200
XKoord2=11.22041000
YKoord2=47.23815500
XKoord3=11.21219700
YKoord3=47.23925900
XKoord4=11.21100700
YKoord4=47.23923700
XKoord5=11.20375300
YKoord5=47.23955700
XKoord6=11.19995100
YKoord6=47.24026000
XKoord7=11.19666500
YKoord7=47.24068300
XKoord8=11.19549600
YKoord8=47.23958000
XKoord9=11.19415900
YKoord9=47.23920100
XKoord10=11.19244600
YKoord10=47.23932400
XKoord11=11.19159000
YKoord11=47.23938500
XKoord12=11.19049700
YKoord12=47.23850600
XKoord13=11.18560200
YKoord13=47.23837500
XKoord14=11.18168700
YKoord14=47.23795400
XKoord15=11.18011800
YKoord15=47.23834400
XKoord16=11.17665400
YKoord16=47.23926500
XKoord17=11.17261800
YKoord17=47.23749700
XKoord18=11.17015300
YKoord18=47.23700400
XKoord19=11.16944200
YKoord19=47.23737700
XKoord20=11.16860200
YKoord20=47.23622300
XKoord21=11.16777800
YKoord21=47.23547400
XKoord22=11.16761700
YKoord22=47.23475700
XKoord23=11.16770300
YKoord23=47.23290700
XKoord24=11.16662100
YKoord24=47.23229800
XKoord25=11.16573800
YKoord25=47.23168500
XKoord26=11.16470700
YKoord26=47.23071400
XKoord27=11.16422100
YKoord27=47.23013900
XKoord28=11.16379200
YKoord28=47.22933700
XKoord29=11.16480400
YKoord29=47.22823800
XKoord30=11.16530900
YKoord30=47.22764300
XKoord31=11.16421400
YKoord31=47.22671900
XKoord32=11.16365700
YKoord32=47.22601000
XKoord33=11.16323200
YKoord33=47.22529800
XKoord34=11.16254200
YKoord34=47.22459100
XKoord35=11.16213200
YKoord35=47.22423900
XKoord36=11.16205300
YKoord36=47.22392500
XKoord37=11.16156900
YKoord37=47.22339500
XKoord38=11.16061600
YKoord38=47.22269300
XKoord39=11.15987900
YKoord39=47.22243700
XKoord40=11.15939700
YKoord40=47.22195100
XKoord41=11.15943600
YKoord41=47.22127500
XKoord42=11.15884300
YKoord42=47.22133100
XKoord43=11.15765900
YKoord43=47.22144300
XKoord44=11.15613900
YKoord44=47.22142700
XKoord45=11.15534200
YKoord45=47.22130700
XKoord46=11.15467900
YKoord46=47.22123000
XKoord47=11.15417800
YKoord47=47.22191400
XKoord48=11.15360600
YKoord48=47.22246500
XKoord49=11.15321900
YKoord49=47.22269700
XKoord50=11.15303600
YKoord50=47.22306000
XKoord51=11.15473500
YKoord51=47.22262300
XKoord52=11.15495300
YKoord52=47.22311400
XKoord53=11.15652200
YKoord53=47.22434500
XKoord54=11.15685900
YKoord54=47.22451800
XKoord55=11.15793700
YKoord55=47.22503800
XKoord56=11.15853700
YKoord56=47.22516100
XKoord57=11.15902600
YKoord57=47.22582700
XKoord58=11.15949000
YKoord58=47.22586300
XKoord59=11.15987500
YKoord59=47.22558600
XKoord60=11.16096000
YKoord60=47.22628600
XKoord61=11.16027200
YKoord61=47.22724300
XKoord62=11.16039300
YKoord62=47.22859100
XKoord63=11.16110100
YKoord63=47.22974800
XKoord64=11.16230700
YKoord64=47.23017500
XKoord65=11.16221900
YKoord65=47.23125600
XKoord66=11.16244600
YKoord66=47.23197200
XKoord67=11.16398100
YKoord67=47.23396800
XKoord68=11.16660100
YKoord68=47.23504300
XKoord69=11.16748900
YKoord69=47.23574600
XKoord70=11.16852300
YKoord70=47.23680600
XKoord71=11.17290600
YKoord71=47.23897300
XKoord72=11.17851800
YKoord72=47.24210600
XKoord73=11.18110700
YKoord73=47.24241700
XKoord74=11.18518200
YKoord74=47.24188900
XKoord75=11.18918700
YKoord75=47.24127300
XKoord76=11.19011100
YKoord76=47.24125500
XKoord77=11.19407400
YKoord77=47.24122400
XKoord78=11.19815200
YKoord78=47.24078600
XKoord79=11.20379000
YKoord79=47.23973300
XKoord80=11.21189100
YKoord80=47.23912700
XKoord81=11.22057300
YKoord81=47.23819400
XKoord82=11.22095800
YKoord82=47.23791600
XKoord83=11.22094600
YKoord83=47.23764700
[Overlay]
Symbols=1
[MapLage]
MapName=ÖK50-West
DimmFc=100
ZoomFc=100
CenterLat=47.23747400
CenterLong=11.22071200
RefOn=1
RefLat=47.23747400
RefLong=11.22071200
