[Symbol 1]
Typ=3
Group=1
Col=8
Zoom=1
Size=105
Art=1
Punkte=23
XKoord0=11.00059800
YKoord0=47.21395400
XKoord1=10.99965600
YKoord1=47.21435300
XKoord2=10.99832200
YKoord2=47.21311600
XKoord3=10.99663600
YKoord3=47.21159000
XKoord4=10.99645000
YKoord4=47.21103100
XKoord5=10.99543700
YKoord5=47.21115500
XKoord6=10.99438400
YKoord6=47.21126400
XKoord7=10.99372900
YKoord7=47.21138800
XKoord8=10.99280600
YKoord8=47.21142600
XKoord9=10.99130700
YKoord9=47.21197000
XKoord10=10.99051500
YKoord10=47.21215300
XKoord11=10.98942700
YKoord11=47.21131700
XKoord12=10.98844700
YKoord12=47.21160400
XKoord13=10.98773000
YKoord13=47.21184100
XKoord14=10.98660300
YKoord14=47.21172600
XKoord15=10.98411700
YKoord15=47.21216200
XKoord16=10.98215200
YKoord16=47.21257800
XKoord17=10.98024600
YKoord17=47.21371400
XKoord18=10.97818400
YKoord18=47.21419900
XKoord19=10.97633600
YKoord19=47.21420900
XKoord20=10.97547800
YKoord20=47.21424600
XKoord21=10.97474800
YKoord21=47.21414600
XKoord22=10.97409600
YKoord22=47.21258300
[Symbol 2]
Typ=6
Group=2
Width=20
Height=20
Dir=100
Art=1
Col=2
Zoom=1
Size=102
Area=2
XKoord=11.00066400
YKoord=47.21388800
[Overlay]
Symbols=2
[MapLage]
MapName=ÖK50-West
DimmFc=100
ZoomFc=100
CenterLat=47.21395400
CenterLong=11.00059800
RefOn=1
RefLat=47.21395400
RefLong=11.00059800
