[Symbol 1]
Typ=3
Group=1
Col=8
Zoom=1
Size=105
Art=1
Punkte=24
XKoord0=11.00059800
YKoord0=47.21395400
XKoord1=10.99965600
YKoord1=47.21435300
XKoord2=10.99832200
YKoord2=47.21311600
XKoord3=10.99663600
YKoord3=47.21159000
XKoord4=10.99645000
YKoord4=47.21103100
XKoord5=10.99562300
YKoord5=47.21102900
XKoord6=10.99424600
YKoord6=47.21127800
XKoord7=10.99345700
YKoord7=47.21138100
XKoord8=10.99201700
YKoord8=47.21172100
XKoord9=10.99090600
YKoord9=47.21201100
XKoord10=10.98978200
YKoord10=47.21076800
XKoord11=10.98952400
YKoord11=47.20917500
XKoord12=10.98852400
YKoord12=47.20716800
XKoord13=10.98777200
YKoord13=47.20646100
XKoord14=10.98540100
YKoord14=47.20602600
XKoord15=10.98302900
YKoord15=47.20586800
XKoord16=10.98118000
YKoord16=47.20585500
XKoord17=10.97686600
YKoord17=47.20525500
XKoord18=10.97513500
YKoord18=47.20488000
XKoord19=10.97381800
YKoord19=47.20497000
XKoord20=10.97313800
YKoord20=47.20531900
XKoord21=10.97296300
YKoord21=47.20595200
XKoord22=10.97269900
YKoord22=47.20683400
XKoord23=10.97272400
YKoord23=47.20750800
[Symbol 2]
Typ=6
Group=2
Width=20
Height=20
Dir=100
Art=1
Col=2
Zoom=1
Size=102
Area=2
XKoord=11.00066400
YKoord=47.21388800
[Overlay]
Symbols=2
[MapLage]
MapName=ÖK50-West
DimmFc=100
ZoomFc=100
CenterLat=47.21395400
CenterLong=11.00059800
RefOn=1
RefLat=47.21395400
RefLong=11.00059800
