[Symbol 1]
Typ=3
Group=1
Col=8
Zoom=1
Size=105
Art=1
Punkte=32
XKoord0=11.00059800
YKoord0=47.21395400
XKoord1=10.99965600
YKoord1=47.21435300
XKoord2=10.99832200
YKoord2=47.21311600
XKoord3=10.99663600
YKoord3=47.21159000
XKoord4=10.99645000
YKoord4=47.21103100
XKoord5=10.99549500
YKoord5=47.21112100
XKoord6=10.99437400
YKoord6=47.21118600
XKoord7=10.99339500
YKoord7=47.21147300
XKoord8=10.99241300
YKoord8=47.21171500
XKoord9=10.99074800
YKoord9=47.21133900
XKoord10=10.98978200
YKoord10=47.21076800
XKoord11=10.98952400
YKoord11=47.20917500
XKoord12=10.98852400
YKoord12=47.20716800
XKoord13=10.98674300
YKoord13=47.20602300
XKoord14=10.98572200
YKoord14=47.20343100
XKoord15=10.98396100
YKoord15=47.20049200
XKoord16=10.98173200
YKoord16=47.19850400
XKoord17=10.98053600
YKoord17=47.19830000
XKoord18=10.97759900
YKoord18=47.19565100
XKoord19=10.97100800
YKoord19=47.19234500
XKoord20=10.96532100
YKoord20=47.19208300
XKoord21=10.96334700
YKoord21=47.19045200
XKoord22=10.96422700
YKoord22=47.18926700
XKoord23=10.96475100
YKoord23=47.18736800
XKoord24=10.96374000
YKoord24=47.18680100
XKoord25=10.96483700
YKoord25=47.18610700
XKoord26=10.96632900
YKoord26=47.18540600
XKoord27=10.96716300
YKoord27=47.18476200
XKoord28=10.96819200
YKoord28=47.18402500
XKoord29=10.96875200
YKoord29=47.18491500
XKoord30=10.96904100
YKoord30=47.18558500
XKoord31=10.97057000
YKoord31=47.18587300
[Symbol 2]
Typ=6
Group=2
Width=20
Height=20
Dir=100
Art=1
Col=2
Zoom=1
Size=102
Area=2
XKoord=11.00066400
YKoord=47.21388800
[Overlay]
Symbols=2
[MapLage]
MapName=ÖK50-West
DimmFc=100
ZoomFc=100
CenterLat=47.21395400
CenterLong=11.00059800
RefOn=1
RefLat=47.21395400
RefLong=11.00059800
