[Symbol 1]
Typ=3
Group=1
Col=8
Zoom=1
Size=105
Art=1
Punkte=57
XKoord0=11.08450000
YKoord0=47.20792800
XKoord1=11.08388400
YKoord1=47.20722300
XKoord2=11.08229300
YKoord2=47.20631900
XKoord3=11.08058800
YKoord3=47.20568600
XKoord4=11.07977900
YKoord4=47.20525100
XKoord5=11.07936500
YKoord5=47.20491000
XKoord6=11.07866200
YKoord6=47.20465300
XKoord7=11.07750000
YKoord7=47.20437000
XKoord8=11.07578200
YKoord8=47.20360200
XKoord9=11.07540500
YKoord9=47.20312500
XKoord10=11.07484300
YKoord10=47.20238200
XKoord11=11.07395400
YKoord11=47.20148700
XKoord12=11.07316900
YKoord12=47.20092800
XKoord13=11.07242400
YKoord13=47.20044600
XKoord14=11.07122500
YKoord14=47.19921900
XKoord15=11.07093000
YKoord15=47.19841400
XKoord16=11.07103300
YKoord16=47.19767000
XKoord17=11.07008000
YKoord17=47.19692300
XKoord18=11.06960800
YKoord18=47.19680100
XKoord19=11.06894100
YKoord19=47.19577800
XKoord20=11.06849400
YKoord20=47.19531300
XKoord21=11.06659200
YKoord21=47.19372900
XKoord22=11.06614800
YKoord22=47.19333200
XKoord23=11.06480800
YKoord23=47.19197300
XKoord24=11.06449500
YKoord24=47.19155100
XKoord25=11.06392700
YKoord25=47.19137000
XKoord26=11.06340600
YKoord26=47.19113200
XKoord27=11.06276800
YKoord27=47.19086200
XKoord28=11.06256300
YKoord28=47.19067500
XKoord29=11.06241400
YKoord29=47.19022700
XKoord30=11.06242500
YKoord30=47.18966500
XKoord31=11.06191300
YKoord31=47.18902000
XKoord32=11.06221200
YKoord32=47.18822700
XKoord33=11.06238100
YKoord33=47.18748200
XKoord34=11.06220200
YKoord34=47.18627000
XKoord35=11.06166000
YKoord35=47.18502500
XKoord36=11.06136300
YKoord36=47.18415300
XKoord37=11.06160700
YKoord37=47.18363100
XKoord38=11.06231200
YKoord38=47.18310100
XKoord39=11.06294700
YKoord39=47.18310600
XKoord40=11.06480900
YKoord40=47.18262300
XKoord41=11.06661700
YKoord41=47.18243200
XKoord42=11.06926900
YKoord42=47.18189000
XKoord43=11.07021000
YKoord43=47.18149000
XKoord44=11.07092000
YKoord44=47.18044800
XKoord45=11.07050500
YKoord45=47.17973000
XKoord46=11.06642800
YKoord46=47.17732800
XKoord47=11.06610100
YKoord47=47.17654600
XKoord48=11.06274500
YKoord48=47.17560800
XKoord49=11.06194400
YKoord49=47.17398900
XKoord50=11.06014200
YKoord50=47.17313500
XKoord51=11.05789300
YKoord51=47.17299600
XKoord52=11.05598900
YKoord52=47.17325500
XKoord53=11.05347500
YKoord53=47.17307500
XKoord54=11.05040500
YKoord54=47.17389500
XKoord55=11.04831200
YKoord55=47.17438200
XKoord56=11.04644500
YKoord56=47.17558600
[Symbol 2]
Typ=6
Group=2
Width=20
Height=20
Dir=100
Art=1
Col=2
Zoom=1
Size=102
Area=2
XKoord=11.08479800
YKoord=47.20804100
[Overlay]
Symbols=2
[MapLage]
MapName=ÖK50-West
DimmFc=100
ZoomFc=100
CenterLat=47.20792800
CenterLong=11.08450000
RefOn=1
RefLat=47.20792800
RefLong=11.08450000
