[Symbol 1]
Typ=3
Group=1
Col=8
Zoom=1
Size=105
Art=1
Punkte=43
XKoord0=10.97934500
YKoord0=47.22415300
XKoord1=10.97950900
YKoord1=47.22325100
XKoord2=10.97926100
YKoord2=47.22280500
XKoord3=10.97802500
YKoord3=47.22242100
XKoord4=10.97756500
YKoord4=47.22247400
XKoord5=10.97725900
YKoord5=47.22223200
XKoord6=10.97692700
YKoord6=47.22219300
XKoord7=10.97640200
YKoord7=47.22226900
XKoord8=10.97601400
YKoord8=47.22250100
XKoord9=10.97507400
YKoord9=47.22209000
XKoord10=10.97493300
YKoord10=47.22184500
XKoord11=10.97452400
YKoord11=47.22151400
XKoord12=10.97432000
YKoord12=47.22133800
XKoord13=10.97349400
YKoord13=47.22133000
XKoord14=10.97197700
YKoord14=47.22050100
XKoord15=10.97129500
YKoord15=47.21990500
XKoord16=10.97097300
YKoord16=47.21923600
XKoord17=10.97047200
YKoord17=47.21908700
XKoord18=10.96981800
YKoord18=47.21837800
XKoord19=10.96931200
YKoord19=47.21809500
XKoord20=10.96883100
YKoord20=47.21758500
XKoord21=10.96815500
YKoord21=47.21714700
XKoord22=10.96751300
YKoord22=47.21677600
XKoord23=10.96670300
YKoord23=47.21629500
XKoord24=10.96546400
YKoord24=47.21582100
XKoord25=10.96455700
YKoord25=47.21540900
XKoord26=10.96434300
YKoord26=47.21496300
XKoord27=10.96375600
YKoord27=47.21337600
XKoord28=10.96262800
YKoord28=47.21143800
XKoord29=10.96022100
YKoord29=47.21062400
XKoord30=10.95869300
YKoord30=47.20986200
XKoord31=10.95876000
YKoord31=47.20898300
XKoord32=10.95967300
YKoord32=47.20779800
XKoord33=10.96217400
YKoord33=47.20577500
XKoord34=10.96243700
YKoord34=47.20484800
XKoord35=10.96189800
YKoord35=47.20366500
XKoord36=10.95878800
YKoord36=47.20259400
XKoord37=10.95595300
YKoord37=47.20268700
XKoord38=10.95490600
YKoord38=47.20293000
XKoord39=10.95226100
YKoord39=47.20461700
XKoord40=10.95060300
YKoord40=47.20470300
XKoord41=10.94957200
YKoord41=47.20449600
XKoord42=10.94917200
YKoord42=47.20439000
[Overlay]
Symbols=1
[MapLage]
MapName=ÖK50-West
DimmFc=100
ZoomFc=100
CenterLat=47.22415300
CenterLong=10.97934500
RefOn=1
RefLat=47.22415300
RefLong=10.97934500
