[Symbol 1]
Typ=3
Group=1
Col=8
Zoom=1
Size=105
Art=1
Punkte=66
XKoord0=11.08450000
YKoord0=47.20792800
XKoord1=11.08388400
YKoord1=47.20722300
XKoord2=11.08229300
YKoord2=47.20631900
XKoord3=11.08058800
YKoord3=47.20568600
XKoord4=11.07977900
YKoord4=47.20525100
XKoord5=11.07936500
YKoord5=47.20491000
XKoord6=11.07866200
YKoord6=47.20465300
XKoord7=11.07750000
YKoord7=47.20437000
XKoord8=11.07578200
YKoord8=47.20360200
XKoord9=11.07540500
YKoord9=47.20312500
XKoord10=11.07484300
YKoord10=47.20238200
XKoord11=11.07395400
YKoord11=47.20148700
XKoord12=11.07316900
YKoord12=47.20092800
XKoord13=11.07242400
YKoord13=47.20044600
XKoord14=11.07122500
YKoord14=47.19921900
XKoord15=11.07093000
YKoord15=47.19841400
XKoord16=11.07103300
YKoord16=47.19767000
XKoord17=11.07008000
YKoord17=47.19692300
XKoord18=11.06960800
YKoord18=47.19680100
XKoord19=11.06894100
YKoord19=47.19577800
XKoord20=11.06849400
YKoord20=47.19531300
XKoord21=11.06644500
YKoord21=47.19376500
XKoord22=11.06548900
YKoord22=47.19292800
XKoord23=11.06503100
YKoord23=47.19219400
XKoord24=11.06447700
YKoord24=47.19152900
XKoord25=11.06357300
YKoord25=47.19118500
XKoord26=11.06303800
YKoord26=47.19101500
XKoord27=11.06249000
YKoord27=47.19050700
XKoord28=11.06232800
YKoord28=47.18972300
XKoord29=11.06191300
YKoord29=47.18902000
XKoord30=11.06221200
YKoord30=47.18822700
XKoord31=11.06238100
YKoord31=47.18748200
XKoord32=11.06220200
YKoord32=47.18627000
XKoord33=11.06166000
YKoord33=47.18502500
XKoord34=11.06136300
YKoord34=47.18415300
XKoord35=11.06160700
YKoord35=47.18363100
XKoord36=11.06231200
YKoord36=47.18310100
XKoord37=11.06294700
YKoord37=47.18310600
XKoord38=11.06480900
YKoord38=47.18262300
XKoord39=11.06661700
YKoord39=47.18243200
XKoord40=11.06926900
YKoord40=47.18189000
XKoord41=11.07021000
YKoord41=47.18149000
XKoord42=11.07092000
YKoord42=47.18044800
XKoord43=11.07050500
YKoord43=47.17973000
XKoord44=11.06642800
YKoord44=47.17732800
XKoord45=11.06610100
YKoord45=47.17654600
XKoord46=11.06386400
YKoord46=47.17501200
XKoord47=11.06194400
YKoord47=47.17398900
XKoord48=11.06035500
YKoord48=47.17231400
XKoord49=11.05924200
YKoord49=47.17168200
XKoord50=11.05889000
YKoord50=47.17099300
XKoord51=11.05825200
YKoord51=47.16983500
XKoord52=11.05706900
YKoord52=47.16891900
XKoord53=11.05562700
YKoord53=47.16762300
XKoord54=11.05499500
YKoord54=47.16662200
XKoord55=11.05384400
YKoord55=47.16585500
XKoord56=11.05295800
YKoord56=47.16565900
XKoord57=11.05168100
YKoord57=47.16590700
XKoord58=11.04907200
YKoord58=47.16581900
XKoord59=11.04854200
YKoord59=47.16592300
XKoord60=11.04812600
YKoord60=47.16610600
XKoord61=11.04781700
YKoord61=47.16595800
XKoord62=11.04737900
YKoord62=47.16571800
XKoord63=11.04718900
YKoord63=47.16506900
XKoord64=11.04717400
YKoord64=47.16466500
XKoord65=11.04732600
YKoord65=47.16432500
[Symbol 2]
Typ=6
Group=2
Width=20
Height=20
Dir=100
Art=1
Col=2
Zoom=1
Size=102
Area=2
XKoord=11.08479800
YKoord=47.20804100
[Overlay]
Symbols=2
[MapLage]
MapName=ÖK50-West
DimmFc=100
ZoomFc=100
CenterLat=47.20792800
CenterLong=11.08450000
RefOn=1
RefLat=47.20792800
RefLong=11.08450000
