[Symbol 1]
Typ=3
Group=1
Col=8
Zoom=1
Size=105
Art=1
Punkte=69
XKoord0=11.47231400
YKoord0=47.09563200
XKoord1=11.47711300
YKoord1=47.09469600
XKoord2=11.47807600
YKoord2=47.09413500
XKoord3=11.47951100
YKoord3=47.09383400
XKoord4=11.47938300
YKoord4=47.09248700
XKoord5=11.47738700
YKoord5=47.09066300
XKoord6=11.47694200
YKoord6=47.09029000
XKoord7=11.47750700
YKoord7=47.08901700
XKoord8=11.47847800
YKoord8=47.08793900
XKoord9=11.47928100
YKoord9=47.08677400
XKoord10=11.48041400
YKoord10=47.08634500
XKoord11=11.48122600
YKoord11=47.08610200
XKoord12=11.48081800
YKoord12=47.08653800
XKoord13=11.47984900
YKoord13=47.08766200
XKoord14=11.48066800
YKoord14=47.08899400
XKoord15=11.48118200
YKoord15=47.08941000
XKoord16=11.48294900
YKoord16=47.09058700
XKoord17=11.48389100
YKoord17=47.09171400
XKoord18=11.48543800
YKoord18=47.09237800
XKoord19=11.48786300
YKoord19=47.09493500
XKoord20=11.48901600
YKoord20=47.09635000
XKoord21=11.48936300
YKoord21=47.09602700
XKoord22=11.48748200
YKoord22=47.09312100
XKoord23=11.48750500
YKoord23=47.09219800
XKoord24=11.48739100
YKoord24=47.09188500
XKoord25=11.48718400
YKoord25=47.09168700
XKoord26=11.48809900
YKoord26=47.09081300
XKoord27=11.48804200
YKoord27=47.09241100
XKoord28=11.48862100
YKoord28=47.09282600
XKoord29=11.48911000
YKoord29=47.09342300
XKoord30=11.48993500
YKoord30=47.09417000
XKoord31=11.49001400
YKoord31=47.09374100
XKoord32=11.48967800
YKoord32=47.09217300
XKoord33=11.49146000
YKoord33=47.09154900
XKoord34=11.49084200
YKoord34=47.09241800
XKoord35=11.49100500
YKoord35=47.09308900
XKoord36=11.49380200
YKoord36=47.09653800
XKoord37=11.49408700
YKoord37=47.09700400
XKoord38=11.49384800
YKoord38=47.09822400
XKoord39=11.49220100
YKoord39=47.09965500
XKoord40=11.49264000
YKoord40=47.10128800
XKoord41=11.49307200
YKoord41=47.10067100
XKoord42=11.49348700
YKoord42=47.09967200
XKoord43=11.49602800
YKoord43=47.09905400
XKoord44=11.49633400
YKoord44=47.09925000
XKoord45=11.49568700
YKoord45=47.09951200
XKoord46=11.49504100
YKoord46=47.09979600
XKoord47=11.49485800
YKoord47=47.10151000
XKoord48=11.49528200
YKoord48=47.10213000
XKoord49=11.49469600
YKoord49=47.10297500
XKoord50=11.49670500
YKoord50=47.10225700
XKoord51=11.49870200
YKoord51=47.10057100
XKoord52=11.49894000
YKoord52=47.10002600
XKoord53=11.49971800
YKoord53=47.09976100
XKoord54=11.50006900
YKoord54=47.09950600
XKoord55=11.50002000
YKoord55=47.09847200
XKoord56=11.50083800
YKoord56=47.09906200
XKoord57=11.50220300
YKoord57=47.10076400
XKoord58=11.50236500
YKoord58=47.10141300
XKoord59=11.50429500
YKoord59=47.10251800
XKoord60=11.50657100
YKoord60=47.10293300
XKoord61=11.50901100
YKoord61=47.10297000
XKoord62=11.51012500
YKoord62=47.10355300
XKoord63=11.51261300
YKoord63=47.10390300
XKoord64=11.51750600
YKoord64=47.10354800
XKoord65=11.52085300
YKoord65=47.10325000
XKoord66=11.52164600
YKoord66=47.10330000
XKoord67=11.52211600
YKoord67=47.10349200
XKoord68=11.52235100
YKoord68=47.10357700
[Overlay]
Symbols=1
[MapLage]
MapName=ÖK50-West
DimmFc=100
ZoomFc=100
CenterLat=47.09563200
CenterLong=11.47231400
RefOn=1
RefLat=47.09563200
RefLong=11.47231400
