[Symbol 1]
Typ=3
Group=1
Col=8
Zoom=1
Size=105
Art=1
Punkte=35
XKoord0=11.55404700
YKoord0=47.14199100
XKoord1=11.55320700
YKoord1=47.14167200
XKoord2=11.55382600
YKoord2=47.14289500
XKoord3=11.55410900
YKoord3=47.14396900
XKoord4=11.55490400
YKoord4=47.14473900
XKoord5=11.55639200
YKoord5=47.14551500
XKoord6=11.55784600
YKoord6=47.14764300
XKoord7=11.55703500
YKoord7=47.14860600
XKoord8=11.55673900
YKoord8=47.14861200
XKoord9=11.55705000
YKoord9=47.14754800
XKoord10=11.55481700
YKoord10=47.14636100
XKoord11=11.55340700
YKoord11=47.14652700
XKoord12=11.54942700
YKoord12=47.14535600
XKoord13=11.54848600
YKoord13=47.14499400
XKoord14=11.54903600
YKoord14=47.14545400
XKoord15=11.55227900
YKoord15=47.14776700
XKoord16=11.55266100
YKoord16=47.14816300
XKoord17=11.55280200
YKoord17=47.14836300
XKoord18=11.55171200
YKoord18=47.14901700
XKoord19=11.55099200
YKoord19=47.15119300
XKoord20=11.55184500
YKoord20=47.15247900
XKoord21=11.55194600
YKoord21=47.15319600
XKoord22=11.55053000
YKoord22=47.15532000
XKoord23=11.55023600
YKoord23=47.15606900
XKoord24=11.54960200
YKoord24=47.15729800
XKoord25=11.54764500
YKoord25=47.15957000
XKoord26=11.54615400
YKoord26=47.16153800
XKoord27=11.54527900
YKoord27=47.16394200
XKoord28=11.54231200
YKoord28=47.16605600
XKoord29=11.54173700
YKoord29=47.16712600
XKoord30=11.54362700
YKoord30=47.16924400
XKoord31=11.54750200
YKoord31=47.17163300
XKoord32=11.55051100
YKoord32=47.17314100
XKoord33=11.54981300
YKoord33=47.17371900
XKoord34=11.54708500
YKoord34=47.17393700
[Overlay]
Symbols=1
[MapLage]
MapName=ÖK50-West
DimmFc=100
ZoomFc=100
CenterLat=47.14199100
CenterLong=11.55404700
RefOn=1
RefLat=47.14199100
RefLong=11.55404700
