[Symbol 1]
Typ=3
Group=1
Col=8
Zoom=1
Size=105
Art=1
Punkte=32
XKoord0=11.54114600
YKoord0=47.13072500
XKoord1=11.54431000
YKoord1=47.13070000
XKoord2=11.54383300
YKoord2=47.13037300
XKoord3=11.54724200
YKoord3=47.12995900
XKoord4=11.55073000
YKoord4=47.12983700
XKoord5=11.55452400
YKoord5=47.12921200
XKoord6=11.55755700
YKoord6=47.12851500
XKoord7=11.56132100
YKoord7=47.12865500
XKoord8=11.56364500
YKoord8=47.12831100
XKoord9=11.56646800
YKoord9=47.12737000
XKoord10=11.57020300
YKoord10=47.12553200
XKoord11=11.57201500
YKoord11=47.12414100
XKoord12=11.57276300
YKoord12=47.12392200
XKoord13=11.57444500
YKoord13=47.12395100
XKoord14=11.57686600
YKoord14=47.12288400
XKoord15=11.57789500
YKoord15=47.12234400
XKoord16=11.58067100
YKoord16=47.12113400
XKoord17=11.58191800
YKoord17=47.11899100
XKoord18=11.58196900
YKoord18=47.11732500
XKoord19=11.58116700
YKoord19=47.11564500
XKoord20=11.58003500
YKoord20=47.11472500
XKoord21=11.58001600
YKoord21=47.11432100
XKoord22=11.58070400
YKoord22=47.11356300
XKoord23=11.58036900
YKoord23=47.11276100
XKoord24=11.58003400
YKoord24=47.11198100
XKoord25=11.58031500
YKoord25=47.11165900
XKoord26=11.58254600
YKoord26=47.11145200
XKoord27=11.58376800
YKoord27=47.11218900
XKoord28=11.58481900
YKoord28=47.11347000
XKoord29=11.58651200
YKoord29=47.11439900
XKoord30=11.58795000
YKoord30=47.11551400
XKoord31=11.58872400
YKoord31=47.11583400
[Overlay]
Symbols=1
[MapLage]
MapName=ÖK50-West
DimmFc=100
ZoomFc=100
CenterLat=47.13072500
CenterLong=11.54114600
RefOn=1
RefLat=47.13072500
RefLong=11.54114600
