[Symbol 1]
Typ=3
Group=1
Col=8
Zoom=1
Size=105
Art=1
Punkte=50
XKoord0=11.50649800
YKoord0=47.12973300
XKoord1=11.50465400
YKoord1=47.12977300
XKoord2=11.50156300
YKoord2=47.12993100
XKoord3=11.50039000
YKoord3=47.13022700
XKoord4=11.49879700
YKoord4=47.12999100
XKoord5=11.49780400
YKoord5=47.12992300
XKoord6=11.49935900
YKoord6=47.13074400
XKoord7=11.49997900
YKoord7=47.13131500
XKoord8=11.50091400
YKoord8=47.13156500
XKoord9=11.50152200
YKoord9=47.13186700
XKoord10=11.50342800
YKoord10=47.13173500
XKoord11=11.50477900
YKoord11=47.13242500
XKoord12=11.50547300
YKoord12=47.13317500
XKoord13=11.50601300
YKoord13=47.13343300
XKoord14=11.50647600
YKoord14=47.13346800
XKoord15=11.50504400
YKoord15=47.13386000
XKoord16=11.50451900
YKoord16=47.13391600
XKoord17=11.50357800
YKoord17=47.13353200
XKoord18=11.50387100
YKoord18=47.13415500
XKoord19=11.50395200
YKoord19=47.13446800
XKoord20=11.50655700
YKoord20=47.13517600
XKoord21=11.50973900
YKoord21=47.13555700
XKoord22=11.51100600
YKoord22=47.13584400
XKoord23=11.51160500
YKoord23=47.13596600
XKoord24=11.51259100
YKoord24=47.13589900
XKoord25=11.51302200
YKoord25=47.13665400
XKoord26=11.51279300
YKoord26=47.13737900
XKoord27=11.51343000
YKoord27=47.13831000
XKoord28=11.51391400
YKoord28=47.14018900
XKoord29=11.51407100
YKoord29=47.14072600
XKoord30=11.51547600
YKoord30=47.14254000
XKoord31=11.51677700
YKoord31=47.14354600
XKoord32=11.51745900
YKoord32=47.14402600
XKoord33=11.51681500
YKoord33=47.14435500
XKoord34=11.51758600
YKoord34=47.14532800
XKoord35=11.51754400
YKoord35=47.14582400
XKoord36=11.51786200
YKoord36=47.14698700
XKoord37=11.51836200
YKoord37=47.14778600
XKoord38=11.51755200
YKoord38=47.14879400
XKoord39=11.51616800
YKoord39=47.15021900
XKoord40=11.51580100
YKoord40=47.15081200
XKoord41=11.51587700
YKoord41=47.15103500
XKoord42=11.51511800
YKoord42=47.15172700
XKoord43=11.51532400
YKoord43=47.15329700
XKoord44=11.51515800
YKoord44=47.15397600
XKoord45=11.51505000
YKoord45=47.15447300
XKoord46=11.51501600
YKoord46=47.15514900
XKoord47=11.51622500
YKoord47=47.15561700
XKoord48=11.51745800
YKoord48=47.15658000
XKoord49=11.51908400
YKoord49=47.15748900
[Overlay]
Symbols=1
[MapLage]
MapName=ÖK50-West
DimmFc=100
ZoomFc=100
CenterLat=47.12973300
CenterLong=11.50649800
RefOn=1
RefLat=47.12973300
RefLong=11.50649800
