[Symbol 1]
Typ=3
Group=1
Col=8
Zoom=1
Size=105
Art=1
Punkte=42
XKoord0=11.54070300
YKoord0=47.13054800
XKoord1=11.54420200
YKoord1=47.13065000
XKoord2=11.54412400
YKoord2=47.13038200
XKoord3=11.54871500
YKoord3=47.12987500
XKoord4=11.55298300
YKoord4=47.12951000
XKoord5=11.55728900
YKoord5=47.12855900
XKoord6=11.56164400
YKoord6=47.12864100
XKoord7=11.56541600
YKoord7=47.12756700
XKoord8=11.56648300
YKoord8=47.12781300
XKoord9=11.56728600
YKoord9=47.12806500
XKoord10=11.56860600
YKoord10=47.12808100
XKoord11=11.57074700
YKoord11=47.12735800
XKoord12=11.57095900
YKoord12=47.12766800
XKoord13=11.57141200
YKoord13=47.12747800
XKoord14=11.57175800
YKoord14=47.12783000
XKoord15=11.57241500
YKoord15=47.12777000
XKoord16=11.57339600
YKoord16=47.12761300
XKoord17=11.57362000
YKoord17=47.12814800
XKoord18=11.57513000
YKoord18=47.12802400
XKoord19=11.57513900
YKoord19=47.12820400
XKoord20=11.57565000
YKoord20=47.12787700
XKoord21=11.57627400
YKoord21=47.12849300
XKoord22=11.57705300
YKoord22=47.12825100
XKoord23=11.57766100
YKoord23=47.12855200
XKoord24=11.57824100
YKoord24=47.12826900
XKoord25=11.57839800
YKoord25=47.12880500
XKoord26=11.57878100
YKoord26=47.12852700
XKoord27=11.57933100
YKoord27=47.12900900
XKoord28=11.57978400
YKoord28=47.12881900
XKoord29=11.58085700
YKoord29=47.12920000
XKoord30=11.58062200
YKoord30=47.12979000
XKoord31=11.58227300
YKoord31=47.12984300
XKoord32=11.58303000
YKoord32=47.13050100
XKoord33=11.58569500
YKoord33=47.12972100
XKoord34=11.58630500
YKoord34=47.13006700
XKoord35=11.58625900
YKoord35=47.13047300
XKoord36=11.58794300
YKoord36=47.13120000
XKoord37=11.58891900
YKoord37=47.13230300
XKoord38=11.59060300
YKoord38=47.13302900
XKoord39=11.59298700
YKoord39=47.13324500
XKoord40=11.59385200
YKoord40=47.13340600
XKoord41=11.59813600
YKoord41=47.13200400
[Overlay]
Symbols=1
[MapLage]
MapName=ÖK50-West
DimmFc=100
ZoomFc=100
CenterLat=47.13054800
CenterLong=11.54070300
RefOn=1
RefLat=47.13054800
RefLong=11.54070300
