[Symbol 1]
Typ=3
Group=1
Col=8
Zoom=1
Size=105
Art=1
Punkte=50
XKoord0=11.55326600
YKoord0=47.13623800
XKoord1=11.55444800
YKoord1=47.13681900
XKoord2=11.55508500
YKoord2=47.13705200
XKoord3=11.55545500
YKoord3=47.13705900
XKoord4=11.55608200
YKoord4=47.13776500
XKoord5=11.55713100
YKoord5=47.13765200
XKoord6=11.55786300
YKoord6=47.13777000
XKoord7=11.55842400
YKoord7=47.13847800
XKoord8=11.55869500
YKoord8=47.13874900
XKoord9=11.55882600
YKoord9=47.13942100
XKoord10=11.55957500
YKoord10=47.13992100
XKoord11=11.55978000
YKoord11=47.13937700
XKoord12=11.56025500
YKoord12=47.13965900
XKoord13=11.56093200
YKoord13=47.14002600
XKoord14=11.56152200
YKoord14=47.13994500
XKoord15=11.56183000
YKoord15=47.14018600
XKoord16=11.56259400
YKoord16=47.14030400
XKoord17=11.56395700
YKoord17=47.14121800
XKoord18=11.56644500
YKoord18=47.14222000
XKoord19=11.56739900
YKoord19=47.14147900
XKoord20=11.56805600
YKoord20=47.14144100
XKoord21=11.56889200
YKoord21=47.14167000
XKoord22=11.56957500
YKoord22=47.14147500
XKoord23=11.57180700
YKoord23=47.14126700
XKoord24=11.57383300
YKoord24=47.14020900
XKoord25=11.57375300
YKoord25=47.13991900
XKoord26=11.57463300
YKoord26=47.13969600
XKoord27=11.57478200
YKoord27=47.13937800
XKoord28=11.57544700
YKoord28=47.13949800
XKoord29=11.57603000
YKoord29=47.13858500
XKoord30=11.57744100
YKoord30=47.13844100
XKoord31=11.57880200
YKoord31=47.13796000
XKoord32=11.57945800
YKoord32=47.13720300
XKoord33=11.58063900
YKoord33=47.13708600
XKoord34=11.58243200
YKoord34=47.13733800
XKoord35=11.58274800
YKoord35=47.13706100
XKoord36=11.58201900
YKoord36=47.13631300
XKoord37=11.58217600
YKoord37=47.13615200
XKoord38=11.58277400
YKoord38=47.13622800
XKoord39=11.58349400
YKoord39=47.13612200
XKoord40=11.58401100
YKoord40=47.13590800
XKoord41=11.58406100
YKoord41=47.13626700
XKoord42=11.58484800
YKoord42=47.13618100
XKoord43=11.58669800
YKoord43=47.13557700
XKoord44=11.58829400
YKoord44=47.13515900
XKoord45=11.58892500
YKoord45=47.13458200
XKoord46=11.59029400
YKoord46=47.13339700
XKoord47=11.59129600
YKoord47=47.13296900
XKoord48=11.59411500
YKoord48=47.13329700
XKoord49=11.59815900
YKoord49=47.13204600
[Symbol 2]
Typ=6
Group=2
Width=20
Height=20
Dir=100
Art=1
Col=2
Zoom=1
Size=102
Area=2
XKoord=11.55326600
YKoord=47.13623800
[Overlay]
Symbols=2
[MapLage]
MapName=ÖK50-West
DimmFc=100
ZoomFc=100
CenterLat=47.13623800
CenterLong=11.55326600
RefOn=1
RefLat=47.13623800
RefLong=11.55326600
