[Symbol 1]
Typ=3
Group=1
Col=8
Zoom=1
Size=105
Art=1
Punkte=67
XKoord0=11.55378800
YKoord0=47.14193700
XKoord1=11.55335600
YKoord1=47.14187900
XKoord2=11.55385400
YKoord2=47.14350600
XKoord3=11.55442500
YKoord3=47.14439300
XKoord4=11.55463700
YKoord4=47.14470300
XKoord5=11.55638700
YKoord5=47.14542900
XKoord6=11.55696100
YKoord6=47.14640600
XKoord7=11.55780800
YKoord7=47.14755700
XKoord8=11.55721900
YKoord8=47.14816000
XKoord9=11.55707600
YKoord9=47.14861300
XKoord10=11.55674400
YKoord10=47.14857600
XKoord11=11.55679000
YKoord11=47.14834500
XKoord12=11.55696900
YKoord12=47.14793600
XKoord13=11.55708800
YKoord13=47.14766300
XKoord14=11.55653500
YKoord14=47.14713500
XKoord15=11.55552700
YKoord15=47.14675300
XKoord16=11.55511700
YKoord16=47.14644700
XKoord17=11.55471300
YKoord17=47.14627600
XKoord18=11.55419400
YKoord18=47.14646800
XKoord19=11.55340400
YKoord19=47.14648500
XKoord20=11.55293200
YKoord20=47.14627100
XKoord21=11.55239800
YKoord21=47.14614800
XKoord22=11.55186000
YKoord22=47.14593500
XKoord23=11.55152900
YKoord23=47.14589700
XKoord24=11.55112500
YKoord24=47.14572600
XKoord25=11.55072500
YKoord25=47.14564500
XKoord26=11.55032800
YKoord26=47.14560900
XKoord27=11.54979000
YKoord27=47.14539600
XKoord28=11.54952200
YKoord28=47.14531200
XKoord29=11.54892700
YKoord29=47.14528000
XKoord30=11.54851700
YKoord30=47.14497400
XKoord31=11.54880200
YKoord31=47.14541800
XKoord32=11.54967800
YKoord32=47.14580400
XKoord33=11.55009000
YKoord33=47.14615400
XKoord34=11.55062800
YKoord34=47.14636700
XKoord35=11.55123600
YKoord35=47.14666900
XKoord36=11.55145500
YKoord36=47.14711400
XKoord37=11.55194000
YKoord37=47.14759800
XKoord38=11.55282000
YKoord38=47.14807300
XKoord39=11.55264100
YKoord39=47.14834800
XKoord40=11.55218300
YKoord40=47.14842500
XKoord41=11.55090100
YKoord41=47.14852100
XKoord42=11.55004800
YKoord42=47.14860800
XKoord43=11.54963500
YKoord43=47.14893200
XKoord44=11.54944400
YKoord44=47.14918300
XKoord45=11.54900000
YKoord45=47.14955300
XKoord46=11.54816700
YKoord46=47.15006700
XKoord47=11.54707200
YKoord47=47.15063100
XKoord48=11.54681800
YKoord48=47.15081700
XKoord49=11.54679400
YKoord49=47.15228000
XKoord50=11.54574800
YKoord50=47.15248300
XKoord51=11.54447600
YKoord51=47.15278200
XKoord52=11.54300400
YKoord52=47.15303900
XKoord53=11.54190400
YKoord53=47.15346900
XKoord54=11.54044900
YKoord54=47.15419800
XKoord55=11.53862500
YKoord55=47.15468800
XKoord56=11.53670000
YKoord56=47.15581100
XKoord57=11.53358000
YKoord57=47.15817500
XKoord58=11.53027500
YKoord58=47.15941800
XKoord59=11.52808800
YKoord59=47.16059100
XKoord60=11.52563100
YKoord60=47.16175300
XKoord61=11.52464700
YKoord61=47.16186500
XKoord62=11.52335000
YKoord62=47.16234400
XKoord63=11.52279900
YKoord63=47.16253600
XKoord64=11.52217500
YKoord64=47.16259400
XKoord65=11.52170200
YKoord65=47.16226200
XKoord66=11.52112400
YKoord66=47.16131300
[Symbol 2]
Typ=6
Group=2
Width=20
Height=20
Dir=100
Art=1
Col=2
Zoom=1
Size=102
Area=2
XKoord=11.55383200
YKoord=47.14192800
[Overlay]
Symbols=2
[MapLage]
MapName=ÖK50-West
DimmFc=100
ZoomFc=100
CenterLat=47.14193700
CenterLong=11.55378800
RefOn=1
RefLat=47.14193700
RefLong=11.55378800
