[Symbol 1]
Typ=3
Group=1
Col=8
Zoom=1
Size=105
Art=1
Punkte=37
XKoord0=11.54114600
YKoord0=47.13072500
XKoord1=11.54431000
YKoord1=47.13070000
XKoord2=11.54383300
YKoord2=47.13037300
XKoord3=11.54724200
YKoord3=47.12995900
XKoord4=11.55073000
YKoord4=47.12983700
XKoord5=11.55452400
YKoord5=47.12921200
XKoord6=11.55755700
YKoord6=47.12851500
XKoord7=11.56132100
YKoord7=47.12865500
XKoord8=11.56364500
YKoord8=47.12831100
XKoord9=11.56646800
YKoord9=47.12737000
XKoord10=11.57020300
YKoord10=47.12553200
XKoord11=11.57201500
YKoord11=47.12414100
XKoord12=11.57170100
YKoord12=47.12301200
XKoord13=11.57160800
YKoord13=47.12175500
XKoord14=11.57073600
YKoord14=47.12008700
XKoord15=11.57046300
YKoord15=47.11921500
XKoord16=11.57006400
YKoord16=47.11880900
XKoord17=11.57034500
YKoord17=47.11848800
XKoord18=11.57078800
YKoord18=47.11811800
XKoord19=11.57111700
YKoord19=47.11808800
XKoord20=11.57223200
YKoord20=47.11797300
XKoord21=11.57414300
YKoord21=47.11865000
XKoord22=11.57366400
YKoord22=47.11760300
XKoord23=11.57426900
YKoord23=47.11783700
XKoord24=11.57420400
YKoord24=47.11718600
XKoord25=11.57440300
YKoord25=47.11652900
XKoord26=11.57347800
YKoord26=47.11580700
XKoord27=11.57222300
YKoord27=47.11574600
XKoord28=11.57086900
YKoord28=47.11463900
XKoord29=11.57189300
YKoord29=47.11263600
XKoord30=11.57228200
YKoord30=47.10977000
XKoord31=11.57054100
YKoord31=47.10820200
XKoord32=11.56970500
YKoord32=47.10725300
XKoord33=11.56918200
YKoord33=47.10665700
XKoord34=11.57042000
YKoord34=47.10601000
XKoord35=11.57099900
YKoord35=47.10570500
XKoord36=11.57161300
YKoord36=47.10546600
[Overlay]
Symbols=1
[MapLage]
MapName=ÖK50-West
DimmFc=100
ZoomFc=100
CenterLat=47.13072500
CenterLong=11.54114600
RefOn=1
RefLat=47.13072500
RefLong=11.54114600
