[Symbol 1]
Typ=3
Group=1
Col=8
Zoom=1
Size=105
Art=1
Punkte=30
XKoord0=11.55423900
YKoord0=47.14201800
XKoord1=11.55323200
YKoord1=47.14163500
XKoord2=11.55391700
YKoord2=47.14355500
XKoord3=11.55482300
YKoord3=47.14456900
XKoord4=11.55666700
YKoord4=47.14587800
XKoord5=11.55786700
YKoord5=47.14751600
XKoord6=11.55712100
YKoord6=47.14847800
XKoord7=11.55602300
YKoord7=47.14895200
XKoord8=11.55637400
YKoord8=47.14939400
XKoord9=11.55753300
YKoord9=47.15017800
XKoord10=11.55828800
YKoord10=47.15079100
XKoord11=11.55975400
YKoord11=47.15111900
XKoord12=11.56030500
YKoord12=47.15160100
XKoord13=11.56082900
YKoord13=47.15289400
XKoord14=11.56303200
YKoord14=47.15617500
XKoord15=11.56405200
YKoord15=47.15817700
XKoord16=11.56626100
YKoord16=47.16159200
XKoord17=11.56701000
YKoord17=47.16207000
XKoord18=11.56678200
YKoord18=47.16419000
XKoord19=11.56590800
YKoord19=47.16659400
XKoord20=11.56505700
YKoord20=47.16809800
XKoord21=11.56514500
YKoord21=47.16854600
XKoord22=11.56430500
YKoord22=47.16892500
XKoord23=11.56473500
YKoord23=47.16963500
XKoord24=11.56595000
YKoord24=47.17019300
XKoord25=11.56869100
YKoord25=47.17094200
XKoord26=11.57035200
YKoord26=47.17117400
XKoord27=11.57180000
YKoord27=47.17109700
XKoord28=11.57365900
YKoord28=47.17132500
XKoord29=11.57446700
YKoord29=47.17166700
[Overlay]
Symbols=1
[MapLage]
MapName=ÖK50-West
DimmFc=100
ZoomFc=100
CenterLat=47.14201800
CenterLong=11.55423900
RefOn=1
RefLat=47.14201800
RefLong=11.55423900
