[Symbol 1]
Typ=3
Group=1
Col=8
Zoom=1
Size=105
Art=1
Punkte=37
XKoord0=11.42219400
YKoord0=47.01660400
XKoord1=11.42531200
YKoord1=47.01716800
XKoord2=11.42557700
YKoord2=47.01576700
XKoord3=11.42616500
YKoord3=47.01422500
XKoord4=11.42716800
YKoord4=47.01312300
XKoord5=11.42802200
YKoord5=47.01310500
XKoord6=11.42920200
YKoord6=47.01155000
XKoord7=11.43139400
YKoord7=47.00911900
XKoord8=11.43256500
YKoord8=47.00738400
XKoord9=11.43285100
YKoord9=47.00643300
XKoord10=11.43282600
YKoord10=47.00589400
XKoord11=11.43473400
YKoord11=47.00301900
XKoord12=11.43645400
YKoord12=47.00032700
XKoord13=11.43734100
YKoord13=46.99998500
XKoord14=11.43824300
YKoord14=46.99956100
XKoord15=11.43941700
YKoord15=46.99935600
XKoord16=11.44208300
YKoord16=46.99866900
XKoord17=11.44446000
YKoord17=46.99888800
XKoord18=11.44636200
YKoord18=46.99875800
XKoord19=11.44954600
YKoord19=46.99840900
XKoord20=11.45342100
YKoord20=46.99779700
XKoord21=11.45282900
YKoord21=46.99636900
XKoord22=11.45295000
YKoord22=46.99470200
XKoord23=11.45331100
YKoord23=46.99253400
XKoord24=11.45236100
YKoord24=46.99188000
XKoord25=11.45115100
YKoord25=46.98988100
XKoord26=11.44852500
YKoord26=46.98710200
XKoord27=11.44538900
YKoord27=46.98464900
XKoord28=11.44486900
YKoord28=46.98335600
XKoord29=11.44392700
YKoord29=46.98144100
XKoord30=11.44337700
YKoord30=46.97947300
XKoord31=11.44279500
YKoord31=46.97678500
XKoord32=11.44062500
YKoord32=46.97534700
XKoord33=11.43934300
YKoord33=46.97460900
XKoord34=11.43575700
YKoord34=46.97383100
XKoord35=11.43403600
YKoord35=46.97355200
XKoord36=11.43267300
YKoord36=46.97250100
[Overlay]
Symbols=1
[MapLage]
MapName=ÖK50-West
DimmFc=100
ZoomFc=100
CenterLat=47.01660400
CenterLong=11.42219400
RefOn=1
RefLat=47.01660400
RefLong=11.42219400
