[Symbol 1]
Typ=3
Group=1
Col=8
Zoom=1
Size=105
Art=1
Punkte=31
XKoord0=11.40196600
YKoord0=47.00582600
XKoord1=11.40178000
YKoord1=47.00461500
XKoord2=11.40161400
YKoord2=47.00385400
XKoord3=11.40196600
YKoord3=47.00290100
XKoord4=11.40312300
YKoord4=47.00229200
XKoord5=11.40393100
YKoord5=47.00124000
XKoord6=11.40619900
YKoord6=46.99903300
XKoord7=11.40719600
YKoord7=46.99779700
XKoord8=11.40608400
YKoord8=46.99647000
XKoord9=11.40604800
YKoord9=46.99566100
XKoord10=11.40603900
YKoord10=46.99399700
XKoord11=11.40694900
YKoord11=46.99375200
XKoord12=11.40793600
YKoord12=46.99377700
XKoord13=11.40735200
YKoord13=46.99248400
XKoord14=11.40780700
YKoord14=46.99090000
XKoord15=11.41068500
YKoord15=46.98764400
XKoord16=11.41297900
YKoord16=46.98602100
XKoord17=11.41649900
YKoord17=46.98311000
XKoord18=11.41626500
YKoord18=46.98230500
XKoord19=11.41635100
YKoord19=46.97982900
XKoord20=11.41742200
YKoord20=46.97733100
XKoord21=11.41736700
YKoord21=46.97611700
XKoord22=11.41671000
YKoord22=46.97320700
XKoord23=11.41494100
YKoord23=46.97189400
XKoord24=11.41404700
YKoord24=46.97101300
XKoord25=11.41406900
YKoord25=46.96858300
XKoord26=11.41338000
YKoord26=46.96787700
XKoord27=11.41217200
YKoord27=46.96731800
XKoord28=11.41057800
YKoord28=46.96694600
XKoord29=11.40939200
YKoord29=46.96688100
XKoord30=11.40857500
YKoord30=46.96626900
[Overlay]
Symbols=1
[MapLage]
MapName=ÖK50-West
DimmFc=100
ZoomFc=100
CenterLat=47.00582600
CenterLong=11.40196600
RefOn=1
RefLat=47.00582600
RefLong=11.40196600
