[Symbol 1]
Typ=3
Group=1
Col=8
Zoom=1
Size=105
Art=1
Punkte=27
XKoord0=11.40196600
YKoord0=47.00582600
XKoord1=11.40178000
YKoord1=47.00461500
XKoord2=11.40161400
YKoord2=47.00385400
XKoord3=11.40196600
YKoord3=47.00290100
XKoord4=11.40312300
YKoord4=47.00229200
XKoord5=11.40393100
YKoord5=47.00124000
XKoord6=11.40619900
YKoord6=46.99903300
XKoord7=11.40719600
YKoord7=46.99779700
XKoord8=11.40608400
YKoord8=46.99647000
XKoord9=11.40604800
YKoord9=46.99566100
XKoord10=11.40603900
YKoord10=46.99399700
XKoord11=11.40694900
YKoord11=46.99375200
XKoord12=11.40793600
YKoord12=46.99377700
XKoord13=11.40735200
YKoord13=46.99248400
XKoord14=11.40780700
YKoord14=46.99090000
XKoord15=11.41068500
YKoord15=46.98764400
XKoord16=11.41297900
YKoord16=46.98602100
XKoord17=11.41649900
YKoord17=46.98311000
XKoord18=11.41751400
YKoord18=46.98209600
XKoord19=11.41967000
YKoord19=46.98034000
XKoord20=11.42163800
YKoord20=46.97732900
XKoord21=11.42307800
YKoord21=46.97572300
XKoord22=11.42418900
YKoord22=46.97412500
XKoord23=11.42801900
YKoord23=46.97305400
XKoord24=11.42850000
YKoord24=46.97106700
XKoord25=11.43051500
YKoord25=46.97201400
XKoord26=11.43244400
YKoord26=46.97251300
[Overlay]
Symbols=1
[MapLage]
MapName=ÖK50-West
DimmFc=100
ZoomFc=100
CenterLat=47.00582600
CenterLong=11.40196600
RefOn=1
RefLat=47.00582600
RefLong=11.40196600
