[Symbol 1]
Typ=3
Group=1
Col=8
Zoom=1
Size=105
Art=1
Punkte=37
XKoord0=11.42219400
YKoord0=47.01660400
XKoord1=11.42531200
YKoord1=47.01716800
XKoord2=11.42557700
YKoord2=47.01576700
XKoord3=11.42616500
YKoord3=47.01422500
XKoord4=11.42716800
YKoord4=47.01312300
XKoord5=11.42802200
YKoord5=47.01310500
XKoord6=11.42920200
YKoord6=47.01155000
XKoord7=11.43139400
YKoord7=47.00911900
XKoord8=11.43256500
YKoord8=47.00738400
XKoord9=11.43285100
YKoord9=47.00643300
XKoord10=11.43282600
YKoord10=47.00589400
XKoord11=11.43473400
YKoord11=47.00301900
XKoord12=11.43645400
YKoord12=47.00032700
XKoord13=11.43700000
YKoord13=46.99932600
XKoord14=11.43670900
YKoord14=46.99870200
XKoord15=11.43692200
YKoord15=46.99761700
XKoord16=11.43652200
YKoord16=46.99605100
XKoord17=11.43678300
YKoord17=46.99456100
XKoord18=11.43666900
YKoord18=46.99348300
XKoord19=11.43626400
YKoord19=46.99182700
XKoord20=11.43547400
YKoord20=46.99035900
XKoord21=11.43482000
YKoord21=46.98753800
XKoord22=11.43625000
YKoord22=46.98426800
XKoord23=11.43691100
YKoord23=46.98339700
XKoord24=11.43758100
YKoord24=46.98221300
XKoord25=11.43888900
YKoord25=46.98061000
XKoord26=11.44083900
YKoord26=46.98011800
XKoord27=11.44219100
YKoord27=46.97950400
XKoord28=11.44305100
YKoord28=46.97901200
XKoord29=11.44306700
YKoord29=46.97793200
XKoord30=11.44268800
YKoord30=46.97681500
XKoord31=11.44173900
YKoord31=46.97620500
XKoord32=11.44050800
YKoord32=46.97515200
XKoord33=11.43779300
YKoord33=46.97471500
XKoord34=11.43566700
YKoord34=46.97422000
XKoord35=11.43419900
YKoord35=46.97375600
XKoord36=11.43256400
YKoord36=46.97248600
[Overlay]
Symbols=1
[MapLage]
MapName=ÖK50-West
DimmFc=100
ZoomFc=100
CenterLat=47.01660400
CenterLong=11.42219400
RefOn=1
RefLat=47.01660400
RefLong=11.42219400
