[Symbol 1]
Typ=3
Group=1
Col=8
Zoom=1
Size=105
Art=1
Punkte=56
XKoord0=11.44585300
YKoord0=47.02268400
XKoord1=11.44564800
YKoord1=47.02270200
XKoord2=11.44527900
YKoord2=47.02260200
XKoord3=11.44501900
YKoord3=47.02264600
XKoord4=11.44435500
YKoord4=47.02309000
XKoord5=11.44377900
YKoord5=47.02350400
XKoord6=11.44236300
YKoord6=47.02454300
XKoord7=11.44203700
YKoord7=47.02520100
XKoord8=11.44206900
YKoord8=47.02556400
XKoord9=11.44189700
YKoord9=47.02593300
XKoord10=11.44173900
YKoord10=47.02649100
XKoord11=11.44172600
YKoord11=47.02695500
XKoord12=11.44160000
YKoord12=47.02727100
XKoord13=11.44151000
YKoord13=47.02754500
XKoord14=11.44136200
YKoord14=47.02782000
XKoord15=11.44132700
YKoord15=47.02799700
XKoord16=11.44107000
YKoord16=47.02866100
XKoord17=11.44097400
YKoord17=47.02889500
XKoord18=11.44092100
YKoord18=47.02909600
XKoord19=11.44107500
YKoord19=47.02920700
XKoord20=11.44120500
YKoord20=47.02940300
XKoord21=11.44131900
YKoord21=47.02951800
XKoord22=11.44129800
YKoord22=47.02966900
XKoord23=11.44118500
YKoord23=47.02984000
XKoord24=11.44111600
YKoord24=47.03017000
XKoord25=11.44105000
YKoord25=47.03025800
XKoord26=11.44090500
YKoord26=47.03054700
XKoord27=11.44069100
YKoord27=47.03083000
XKoord28=11.44048800
YKoord28=47.03104900
XKoord29=11.44048400
YKoord29=47.03105800
XKoord30=11.44011400
YKoord30=47.03145500
XKoord31=11.43946100
YKoord31=47.03188900
XKoord32=11.43888100
YKoord32=47.03224200
XKoord33=11.43846300
YKoord33=47.03260800
XKoord34=11.43813600
YKoord34=47.03275500
XKoord35=11.43787300
YKoord35=47.03299000
XKoord36=11.43714100
YKoord36=47.03346400
XKoord37=11.43700600
YKoord37=47.03367700
XKoord38=11.43687200
YKoord38=47.03386300
XKoord39=11.43662800
YKoord39=47.03422400
XKoord40=11.43649500
YKoord40=47.03455500
XKoord41=11.43616000
YKoord41=47.03498500
XKoord42=11.43550600
YKoord42=47.03528900
XKoord43=11.43512300
YKoord43=47.03574900
XKoord44=11.43342500
YKoord44=47.03739200
XKoord45=11.43278000
YKoord45=47.03875100
XKoord46=11.43255200
YKoord46=47.04022600
XKoord47=11.43214300
YKoord47=47.04176400
XKoord48=11.43175000
YKoord48=47.04362200
XKoord49=11.43095200
YKoord49=47.04481900
XKoord50=11.42854200
YKoord50=47.04605600
XKoord51=11.42685400
YKoord51=47.04535100
XKoord52=11.42254500
YKoord52=47.04323800
XKoord53=11.41982500
YKoord53=47.04275500
XKoord54=11.41879100
YKoord54=47.04245000
XKoord55=11.41706200
YKoord55=47.04204800
[Overlay]
Symbols=1
[MapLage]
MapName=ÖK50-West
DimmFc=100
ZoomFc=100
CenterLat=47.02268400
CenterLong=11.44585300
RefOn=1
RefLat=47.02268400
RefLong=11.44585300
