[Symbol 1]
Typ=3
Group=1
Col=8
Zoom=1
Size=105
Art=1
Punkte=25
XKoord0=11.42219400
YKoord0=47.01660400
XKoord1=11.42531200
YKoord1=47.01716800
XKoord2=11.42557700
YKoord2=47.01576700
XKoord3=11.42616500
YKoord3=47.01422500
XKoord4=11.42716800
YKoord4=47.01312300
XKoord5=11.42802200
YKoord5=47.01310500
XKoord6=11.42920200
YKoord6=47.01155000
XKoord7=11.43139400
YKoord7=47.00911900
XKoord8=11.43256500
YKoord8=47.00738400
XKoord9=11.43285100
YKoord9=47.00643300
XKoord10=11.43282600
YKoord10=47.00589400
XKoord11=11.43473400
YKoord11=47.00301900
XKoord12=11.43645400
YKoord12=47.00032700
XKoord13=11.43734100
YKoord13=46.99998500
XKoord14=11.43824300
YKoord14=46.99956100
XKoord15=11.43941700
YKoord15=46.99935600
XKoord16=11.44208300
YKoord16=46.99866900
XKoord17=11.44446000
YKoord17=46.99888800
XKoord18=11.44636200
YKoord18=46.99875800
XKoord19=11.44954600
YKoord19=46.99840900
XKoord20=11.45342100
YKoord20=46.99779700
XKoord21=11.45306100
YKoord21=46.99905300
XKoord22=11.45030500
YKoord22=47.00064200
XKoord23=11.44973100
YKoord23=47.00245400
XKoord24=11.44974500
YKoord24=47.00420900
[Overlay]
Symbols=1
[MapLage]
MapName=ÖK50-West
DimmFc=100
ZoomFc=100
CenterLat=47.01660400
CenterLong=11.42219400
RefOn=1
RefLat=47.01660400
RefLong=11.42219400
