[Symbol 1]
Typ=3
Group=1
Col=8
Zoom=1
Size=105
Art=1
Punkte=31
XKoord0=11.40196600
YKoord0=47.00582600
XKoord1=11.40178000
YKoord1=47.00461500
XKoord2=11.40161400
YKoord2=47.00385400
XKoord3=11.40196600
YKoord3=47.00290100
XKoord4=11.40312300
YKoord4=47.00229200
XKoord5=11.40393100
YKoord5=47.00124000
XKoord6=11.40619900
YKoord6=46.99903300
XKoord7=11.40719600
YKoord7=46.99779700
XKoord8=11.40608400
YKoord8=46.99647000
XKoord9=11.40604800
YKoord9=46.99566100
XKoord10=11.40603900
YKoord10=46.99399700
XKoord11=11.40694900
YKoord11=46.99375200
XKoord12=11.40793600
YKoord12=46.99377700
XKoord13=11.40735200
YKoord13=46.99248400
XKoord14=11.40615000
YKoord14=46.99169800
XKoord15=11.40451300
YKoord15=46.99038300
XKoord16=11.40424300
YKoord16=46.98876900
XKoord17=11.40316800
YKoord17=46.98825100
XKoord18=11.40293400
YKoord18=46.98744600
XKoord19=11.40083000
YKoord19=46.98744500
XKoord20=11.39857600
YKoord20=46.98555800
XKoord21=11.39611100
YKoord21=46.98484400
XKoord22=11.38882300
YKoord22=46.98360200
XKoord23=11.38170200
YKoord23=46.98316500
XKoord24=11.37934200
YKoord24=46.98307900
XKoord25=11.37694500
YKoord25=46.98240900
XKoord26=11.37462200
YKoord26=46.98340200
XKoord27=11.37390700
YKoord27=46.98508200
XKoord28=11.37312700
YKoord28=46.98676300
XKoord29=11.37249800
YKoord29=46.98889000
XKoord30=11.37545800
YKoord30=46.98891900
[Overlay]
Symbols=1
[MapLage]
MapName=ÖK50-West
DimmFc=100
ZoomFc=100
CenterLat=47.00582600
CenterLong=11.40196600
RefOn=1
RefLat=47.00582600
RefLong=11.40196600
