[Symbol 1]
Typ=3
Group=1
Col=8
Zoom=1
Size=105
Art=1
Punkte=34
XKoord0=11.47425200
YKoord0=47.03398100
XKoord1=11.47700300
YKoord1=47.03369600
XKoord2=11.48014700
YKoord2=47.03212300
XKoord3=11.48097300
YKoord3=47.03161400
XKoord4=11.48167000
YKoord4=47.03103600
XKoord5=11.48196100
YKoord5=47.03022000
XKoord6=11.48258400
YKoord6=47.02946400
XKoord7=11.48355900
YKoord7=47.02908000
XKoord8=11.48393500
YKoord8=47.02866700
XKoord9=11.48546000
YKoord9=47.02823100
XKoord10=11.48661900
YKoord10=47.02768900
XKoord11=11.48788700
YKoord11=47.02662300
XKoord12=11.48932100
YKoord12=47.02490500
XKoord13=11.49136800
YKoord13=47.02155600
XKoord14=11.49217700
YKoord14=47.02057100
XKoord15=11.49264500
YKoord15=47.02002100
XKoord16=11.49227300
YKoord16=47.01980400
XKoord17=11.49176300
YKoord17=47.01940700
XKoord18=11.49095200
YKoord18=47.01897800
XKoord19=11.49007200
YKoord19=47.01845700
XKoord20=11.48962900
YKoord20=47.01785500
XKoord21=11.48897700
YKoord21=47.01726200
XKoord22=11.48849500
YKoord22=47.01680000
XKoord23=11.48725300
YKoord23=47.01626500
XKoord24=11.48629300
YKoord24=47.01543100
XKoord25=11.48454300
YKoord25=47.01468000
XKoord26=11.48282900
YKoord26=47.01390700
XKoord27=11.48195700
YKoord27=47.01273500
XKoord28=11.48115100
YKoord28=47.01248100
XKoord29=11.48069900
YKoord29=47.01195100
XKoord30=11.48002900
YKoord30=47.01169500
XKoord31=11.47984500
YKoord31=47.01127200
XKoord32=11.47953500
YKoord32=47.01096400
XKoord33=11.47922500
YKoord33=47.01065500
[Symbol 2]
Typ=6
Group=2
Width=20
Height=20
Dir=100
Art=1
Col=2
Zoom=1
Size=102
Area=2
XKoord=11.47733000
YKoord=47.03406200
[Overlay]
Symbols=2
[MapLage]
MapName=ÖK50-West
DimmFc=100
ZoomFc=100
CenterLat=47.03398100
CenterLong=11.47425200
RefOn=1
RefLat=47.03398100
RefLong=11.47425200
