[Symbol 1]
Typ=3
Group=1
Col=8
Zoom=1
Size=105
Art=1
Punkte=37
XKoord0=11.50896400
YKoord0=47.01358300
XKoord1=11.50985900
YKoord1=47.01441900
XKoord2=11.51262500
YKoord2=47.01449300
XKoord3=11.51386600
YKoord3=47.01428600
XKoord4=11.51638000
YKoord4=47.01459000
XKoord5=11.51866700
YKoord5=47.01427000
XKoord6=11.52018500
YKoord6=47.01437200
XKoord7=11.52174600
YKoord7=47.01397700
XKoord8=11.52564000
YKoord8=47.01425100
XKoord9=11.52681000
YKoord9=47.01395600
XKoord10=11.52865300
YKoord10=47.01396000
XKoord11=11.53005000
YKoord11=47.01428900
XKoord12=11.53207000
YKoord12=47.01388400
XKoord13=11.53514600
YKoord13=47.01354600
XKoord14=11.53573600
YKoord14=47.01348800
XKoord15=11.53557000
YKoord15=47.01277200
XKoord16=11.53709800
YKoord16=47.01170300
XKoord17=11.54027200
YKoord17=47.01064300
XKoord18=11.54116400
YKoord18=47.01003800
XKoord19=11.54310500
YKoord19=47.00936500
XKoord20=11.54339300
YKoord20=47.00850400
XKoord21=11.54499800
YKoord21=47.00765800
XKoord22=11.54760300
YKoord22=47.00710500
XKoord23=11.54936200
YKoord23=47.00675100
XKoord24=11.55246700
YKoord24=47.00704200
XKoord25=11.55821700
YKoord25=47.00758800
XKoord26=11.56070900
YKoord26=47.00744200
XKoord27=11.56658000
YKoord27=47.00641100
XKoord28=11.57077500
YKoord28=47.00609200
XKoord29=11.57375500
YKoord29=47.00652000
XKoord30=11.57633300
YKoord30=47.00677700
XKoord31=11.57883200
YKoord31=47.00676500
XKoord32=11.58139900
YKoord32=47.00679800
XKoord33=11.58433700
YKoord33=47.00632600
XKoord34=11.58747100
YKoord34=47.00585100
XKoord35=11.58888400
YKoord35=47.00514400
XKoord36=11.59036600
YKoord36=47.00587500
[Overlay]
Symbols=1
[MapLage]
MapName=ÖK50-West
DimmFc=100
ZoomFc=100
CenterLat=47.01358300
CenterLong=11.50896400
RefOn=1
RefLat=47.01358300
RefLong=11.50896400
