[Symbol 1]
Typ=3
Group=1
Col=8
Zoom=1
Size=105
Art=1
Punkte=18
XKoord0=11.51825300
YKoord0=47.03779400
XKoord1=11.51802000
YKoord1=47.03703400
XKoord2=11.51737300
YKoord2=47.03587800
XKoord3=11.51758100
YKoord3=47.03470400
XKoord4=11.51761300
YKoord4=47.03398300
XKoord5=11.51980600
YKoord5=47.03303500
XKoord6=11.52111400
YKoord6=47.03147600
XKoord7=11.52316900
YKoord7=47.02900100
XKoord8=11.52540900
YKoord8=47.02764700
XKoord9=11.52669800
YKoord9=47.02707900
XKoord10=11.52768200
YKoord10=47.02701200
XKoord11=11.53096200
YKoord11=47.02540900
XKoord12=11.53173400
YKoord12=47.02503200
XKoord13=11.53174500
YKoord13=47.02386200
XKoord14=11.53177600
YKoord14=47.02314200
XKoord15=11.53113800
YKoord15=47.02216600
XKoord16=11.53020900
YKoord16=47.02200600
XKoord17=11.52884800
YKoord17=47.02244100
[Overlay]
Symbols=1
[MapLage]
MapName=ÖK50-West
DimmFc=100
ZoomFc=100
CenterLat=47.03779400
CenterLong=11.51825300
RefOn=1
RefLat=47.03779400
RefLong=11.51825300
