[Symbol 1]
Typ=3
Group=1
Col=8
Zoom=1
Size=105
Art=1
Punkte=45
XKoord0=11.56286000
YKoord0=47.04062200
XKoord1=11.56220900
YKoord1=47.04077100
XKoord2=11.56217300
YKoord2=47.03996200
XKoord3=11.56295500
YKoord3=47.03845600
XKoord4=11.56312000
YKoord4=47.03777800
XKoord5=11.56316000
YKoord5=47.03723700
XKoord6=11.56340100
YKoord6=47.03678100
XKoord7=11.56325000
YKoord7=47.03638000
XKoord8=11.56242500
YKoord8=47.03563300
XKoord9=11.56188800
YKoord9=47.03542000
XKoord10=11.56160300
YKoord10=47.03497700
XKoord11=11.56394900
YKoord11=47.03447400
XKoord12=11.56492400
YKoord12=47.03422800
XKoord13=11.56576100
YKoord13=47.03384900
XKoord14=11.56551000
YKoord14=47.03272900
XKoord15=11.56569800
YKoord15=47.03115000
XKoord16=11.56633900
YKoord16=47.02942600
XKoord17=11.56609600
YKoord17=47.02848700
XKoord18=11.56732600
YKoord18=47.02805400
XKoord19=11.56811900
YKoord19=47.02812600
XKoord20=11.56830600
YKoord20=47.02789700
XKoord21=11.56815000
YKoord21=47.02740600
XKoord22=11.56699800
YKoord22=47.02671200
XKoord23=11.56632200
YKoord23=47.02632200
XKoord24=11.56533100
YKoord24=47.02625400
XKoord25=11.56470500
YKoord25=47.02554800
XKoord26=11.56408100
YKoord26=47.02488700
XKoord27=11.56378800
YKoord27=47.02426400
XKoord28=11.56327200
YKoord28=47.02310500
XKoord29=11.56351000
YKoord29=47.02251900
XKoord30=11.56538500
YKoord30=47.02184700
XKoord31=11.56613100
YKoord31=47.01962500
XKoord32=11.56879500
YKoord32=47.01893500
XKoord33=11.57039400
YKoord33=47.01795100
XKoord34=11.57172100
YKoord34=47.01679600
XKoord35=11.57284500
YKoord35=47.01555600
XKoord36=11.57483900
YKoord36=47.01457000
XKoord37=11.57780100
YKoord37=47.01463500
XKoord38=11.57870100
YKoord38=47.01420900
XKoord39=11.57945300
YKoord39=47.01342700
XKoord40=11.58013800
YKoord40=47.01265000
XKoord41=11.58023100
YKoord41=47.01183800
XKoord42=11.58005700
YKoord42=47.01093900
XKoord43=11.57957100
YKoord43=47.01041000
XKoord44=11.57921800
YKoord44=47.00992600
[Symbol 2]
Typ=6
Group=2
Width=20
Height=20
Dir=100
Art=1
Col=2
Zoom=1
Size=102
Area=2
XKoord=11.56291200
YKoord=47.04059700
[Overlay]
Symbols=2
[MapLage]
MapName=ÖK50-West
DimmFc=100
ZoomFc=100
CenterLat=47.04062200
CenterLong=11.56286000
RefOn=1
RefLat=47.04062200
RefLong=11.56286000
