[Symbol 1]
Typ=3
Group=1
Col=8
Zoom=1
Size=105
Art=1
Punkte=31
XKoord0=11.50910200
YKoord0=47.01371500
XKoord1=11.50861200
YKoord1=47.01309600
XKoord2=11.50818200
YKoord2=47.01234000
XKoord3=11.50822300
YKoord3=47.01180000
XKoord4=11.50890800
YKoord4=47.01097500
XKoord5=11.51025700
YKoord5=47.00887500
XKoord6=11.51089900
YKoord6=47.00715100
XKoord7=11.51095500
YKoord7=47.00692500
XKoord8=11.51238800
YKoord8=47.00662400
XKoord9=11.51347900
YKoord9=47.00606000
XKoord10=11.51466600
YKoord10=47.00612400
XKoord11=11.51583200
YKoord11=47.00573800
XKoord12=11.51690900
YKoord12=47.00485900
XKoord13=11.51810900
YKoord13=47.00379800
XKoord14=11.52045100
YKoord14=47.00325200
XKoord15=11.52186100
YKoord15=47.00245600
XKoord16=11.52224900
YKoord16=47.00231200
XKoord17=11.52197100
YKoord17=47.00200300
XKoord18=11.52321700
YKoord18=47.00193100
XKoord19=11.52128900
YKoord19=47.00147800
XKoord20=11.52362900
YKoord20=47.00088700
XKoord21=11.52472200
YKoord21=47.00036800
XKoord22=11.53040900
YKoord22=46.99821700
XKoord23=11.53373400
YKoord23=46.99760400
XKoord24=11.54038200
YKoord24=46.99772600
XKoord25=11.54375000
YKoord25=46.99661600
XKoord26=11.55101200
YKoord26=46.99443000
XKoord27=11.55770000
YKoord27=46.99401100
XKoord28=11.56192900
YKoord28=46.99306100
XKoord29=11.56440200
YKoord29=46.99251100
XKoord30=11.56560600
YKoord30=46.99293400
[Overlay]
Symbols=1
[MapLage]
MapName=ÖK50-West
DimmFc=100
ZoomFc=100
CenterLat=47.01371500
CenterLong=11.50910200
RefOn=1
RefLat=47.01371500
RefLong=11.50910200
