[Symbol 1]
Typ=3
Group=1
Col=8
Zoom=1
Size=105
Art=1
Punkte=35
XKoord0=11.50908500
YKoord0=47.01367000
XKoord1=11.50809700
YKoord1=47.01225100
XKoord2=11.50826300
YKoord2=47.01157300
XKoord3=11.50926600
YKoord3=47.01051600
XKoord4=11.51031100
YKoord4=47.00896300
XKoord5=11.51057500
YKoord5=47.00756200
XKoord6=11.51113600
YKoord6=47.00692000
XKoord7=11.51314600
YKoord7=47.00629100
XKoord8=11.51359600
YKoord8=47.00605600
XKoord9=11.51478300
YKoord9=47.00612000
XKoord10=11.51645700
YKoord10=47.00536300
XKoord11=11.51776500
YKoord11=47.00380500
XKoord12=11.52030300
YKoord12=47.00320900
XKoord13=11.52184800
YKoord13=47.00250000
XKoord14=11.52216400
YKoord14=47.00222300
XKoord15=11.52202400
YKoord15=47.00204600
XKoord16=11.52307300
YKoord16=47.00197800
XKoord17=11.52127100
YKoord17=47.00143300
XKoord18=11.52587500
YKoord18=47.00002600
XKoord19=11.53091300
YKoord19=46.99807000
XKoord20=11.53402200
YKoord20=46.99705600
XKoord21=11.53520600
YKoord21=46.99568000
XKoord22=11.53723400
YKoord22=46.99406000
XKoord23=11.53668300
YKoord23=46.99213800
XKoord24=11.53576900
YKoord24=46.99089800
XKoord25=11.53379000
YKoord25=46.98936700
XKoord26=11.53258200
YKoord26=46.98885400
XKoord27=11.53192900
YKoord27=46.98756300
XKoord28=11.53302600
YKoord28=46.98573900
XKoord29=11.53519300
YKoord29=46.98290100
XKoord30=11.53661100
YKoord30=46.98228500
XKoord31=11.53708800
YKoord31=46.98263400
XKoord32=11.53724200
YKoord32=46.98312600
XKoord33=11.53779300
YKoord33=46.98365400
XKoord34=11.53782100
YKoord34=46.98423800
[Overlay]
Symbols=1
[MapLage]
MapName=ÖK50-West
DimmFc=100
ZoomFc=100
CenterLat=47.01367000
CenterLong=11.50908500
RefOn=1
RefLat=47.01367000
RefLong=11.50908500
