[Symbol 1]
Typ=3
Group=1
Col=8
Zoom=1
Size=105
Art=1
Punkte=29
XKoord0=11.30237400
YKoord0=47.19583900
XKoord1=11.30327800
YKoord1=47.19379300
XKoord2=11.30386800
YKoord2=47.19260100
XKoord3=11.30408100
YKoord3=47.19135500
XKoord4=11.30400600
YKoord4=47.19061700
XKoord5=11.30225500
YKoord5=47.18935000
XKoord6=11.30123000
YKoord6=47.18858200
XKoord7=11.30059700
YKoord7=47.18765400
XKoord8=11.30052400
YKoord8=47.18687300
XKoord9=11.30043700
YKoord9=47.18630800
XKoord10=11.30133200
YKoord10=47.18530000
XKoord11=11.30226200
YKoord11=47.18377300
XKoord12=11.30375300
YKoord12=47.18330300
XKoord13=11.30524400
YKoord13=47.18283200
XKoord14=11.30603400
YKoord14=47.18242500
XKoord15=11.30691300
YKoord15=47.18163200
XKoord16=11.30740000
YKoord16=47.18009200
XKoord17=11.30759900
YKoord17=47.17906000
XKoord18=11.30785800
YKoord18=47.17807400
XKoord19=11.30860700
YKoord19=47.17732000
XKoord20=11.30892900
YKoord20=47.17633600
XKoord21=11.30931100
YKoord21=47.17539800
XKoord22=11.30945900
YKoord22=47.17510000
XKoord23=11.31097700
YKoord23=47.17424100
XKoord24=11.31208800
YKoord24=47.17375800
XKoord25=11.31311200
YKoord25=47.17361800
XKoord26=11.31366400
YKoord26=47.17389500
XKoord27=11.31376300
YKoord27=47.17428700
XKoord28=11.31355500
YKoord28=47.17454000
[Overlay]
Symbols=1
[MapLage]
MapName=ÖK50-West
DimmFc=100
ZoomFc=100
CenterLat=47.19583900
CenterLong=11.30237400
RefOn=1
RefLat=47.19583900
RefLong=11.30237400
