[Symbol 1]
Typ=3
Group=1
Col=8
Zoom=1
Size=105
Art=1
Punkte=22
XKoord0=11.27733500
YKoord0=47.22568900
XKoord1=11.27522300
YKoord1=47.22573100
XKoord2=11.27382300
YKoord2=47.22544400
XKoord3=11.27272900
YKoord3=47.22456600
XKoord4=11.27167600
YKoord4=47.22157200
XKoord5=11.27207900
YKoord5=47.22016900
XKoord6=11.27197400
YKoord6=47.21927100
XKoord7=11.27213000
YKoord7=47.21827800
XKoord8=11.27022500
YKoord8=47.21696600
XKoord9=11.26951500
YKoord9=47.21581100
XKoord10=11.27033900
YKoord10=47.21345500
XKoord11=11.26974600
YKoord11=47.21193600
XKoord12=11.26983200
YKoord12=47.21085500
XKoord13=11.27044600
YKoord13=47.20976300
XKoord14=11.27012600
YKoord14=47.20846400
XKoord15=11.27083100
YKoord15=47.20642600
XKoord16=11.27264600
YKoord16=47.20409500
XKoord17=11.27433500
YKoord17=47.20190200
XKoord18=11.27549600
YKoord18=47.20124900
XKoord19=11.27694700
YKoord19=47.19969000
XKoord20=11.27772700
YKoord20=47.19940400
XKoord21=11.27808400
YKoord21=47.20002700
[Overlay]
Symbols=1
[MapLage]
MapName=ÖK50-West
DimmFc=100
ZoomFc=100
CenterLat=47.22568900
CenterLong=11.27733500
RefOn=1
RefLat=47.22568900
RefLong=11.27733500
