[Symbol 1]
Typ=3
Group=1
Col=8
Zoom=1
Size=105
Art=1
Punkte=33
XKoord0=11.30243700
YKoord0=47.19584100
XKoord1=11.30328700
YKoord1=47.19366300
XKoord2=11.30389200
YKoord2=47.19225600
XKoord3=11.30405400
YKoord3=47.19083500
XKoord4=11.30334600
YKoord4=47.19007700
XKoord5=11.30238100
YKoord5=47.18935400
XKoord6=11.30030200
YKoord6=47.18915700
XKoord7=11.29941300
YKoord7=47.18917200
XKoord8=11.29831300
YKoord8=47.18857400
XKoord9=11.29627300
YKoord9=47.18781600
XKoord10=11.29555600
YKoord10=47.18718800
XKoord11=11.29530600
YKoord11=47.18622900
XKoord12=11.29503200
YKoord12=47.18561500
XKoord13=11.29386800
YKoord13=47.18501500
XKoord14=11.29285600
YKoord14=47.18407400
XKoord15=11.29196700
YKoord15=47.18318100
XKoord16=11.28997300
YKoord16=47.18268400
XKoord17=11.28918000
YKoord17=47.18222600
XKoord18=11.28876400
YKoord18=47.18182300
XKoord19=11.28855900
YKoord19=47.18112500
XKoord20=11.28928200
YKoord20=47.17985100
XKoord21=11.29068300
YKoord21=47.17885900
XKoord22=11.29177100
YKoord22=47.17781300
XKoord23=11.29233100
YKoord23=47.17705300
XKoord24=11.29274300
YKoord24=47.17568300
XKoord25=11.29347500
YKoord25=47.17337200
XKoord26=11.29394200
YKoord26=47.17213400
XKoord27=11.29419500
YKoord27=47.17123400
XKoord28=11.29459800
YKoord28=47.17090100
XKoord29=11.29536000
YKoord29=47.17088300
XKoord30=11.29610700
YKoord30=47.17108000
XKoord31=11.29645700
YKoord31=47.17152400
XKoord32=11.29650200
YKoord32=47.17178400
[Overlay]
Symbols=1
[MapLage]
MapName=ÖK50-West
DimmFc=100
ZoomFc=100
CenterLat=47.19584100
CenterLong=11.30243700
RefOn=1
RefLat=47.19584100
RefLong=11.30243700
