[Symbol 1]
Typ=3
Group=1
Col=8
Zoom=1
Size=105
Art=1
Punkte=45
XKoord0=11.37164200
YKoord0=47.22405800
XKoord1=11.36982000
YKoord1=47.22319600
XKoord2=11.36724700
YKoord2=47.22324900
XKoord3=11.36459300
YKoord3=47.22298900
XKoord4=11.36269800
YKoord4=47.22046300
XKoord5=11.36072000
YKoord5=47.21906400
XKoord6=11.35605900
YKoord6=47.21978100
XKoord7=11.35476900
YKoord7=47.22048200
XKoord8=11.35055500
YKoord8=47.21926400
XKoord9=11.34596800
YKoord9=47.21859300
XKoord10=11.34249300
YKoord10=47.21767400
XKoord11=11.34084500
YKoord11=47.21622300
XKoord12=11.33862500
YKoord12=47.21490200
XKoord13=11.33678500
YKoord13=47.21358900
XKoord14=11.33366800
YKoord14=47.21210400
XKoord15=11.33269200
YKoord15=47.21167300
XKoord16=11.33082200
YKoord16=47.21193600
XKoord17=11.32929700
YKoord17=47.21255200
XKoord18=11.32847000
YKoord18=47.21252400
XKoord19=11.32756600
YKoord19=47.21222700
XKoord20=11.32685500
YKoord20=47.21183700
XKoord21=11.32654000
YKoord21=47.21141600
XKoord22=11.32647800
YKoord22=47.21076400
XKoord23=11.32663100
YKoord23=47.20972600
XKoord24=11.32621000
YKoord24=47.20915000
XKoord25=11.32545200
YKoord25=47.20844500
XKoord26=11.32489500
YKoord26=47.20778200
XKoord27=11.32320100
YKoord27=47.20678100
XKoord28=11.32201700
YKoord28=47.20536600
XKoord29=11.32072700
YKoord29=47.20458300
XKoord30=11.32100800
YKoord30=47.20345300
XKoord31=11.32009500
YKoord31=47.20221100
XKoord32=11.31970100
YKoord32=47.20073400
XKoord33=11.31918700
YKoord33=47.20106000
XKoord34=11.31724200
YKoord34=47.19884900
XKoord35=11.31656600
YKoord35=47.19697300
XKoord36=11.31664900
YKoord36=47.19584700
XKoord37=11.31747600
YKoord37=47.19510900
XKoord38=11.31976900
YKoord38=47.19393700
XKoord39=11.32084300
YKoord39=47.19283500
XKoord40=11.32106200
YKoord40=47.19179600
XKoord41=11.32122100
YKoord41=47.19017300
XKoord42=11.32268100
YKoord42=47.19108800
XKoord43=11.32375600
YKoord43=47.19151600
XKoord44=11.32477600
YKoord44=47.19221500
[Overlay]
Symbols=1
[MapLage]
MapName=ÖK50-West
DimmFc=100
ZoomFc=100
CenterLat=47.22405800
CenterLong=11.37164200
RefOn=1
RefLat=47.22405800
RefLong=11.37164200
