[Symbol 1]
Typ=3
Group=1
Col=8
Zoom=1
Size=105
Art=1
Punkte=56
XKoord0=12.03607900
YKoord0=47.68484300
XKoord1=12.03544700
YKoord1=47.68522600
XKoord2=12.03411500
YKoord2=47.68558600
XKoord3=12.03338300
YKoord3=47.68585600
XKoord4=12.03301700
YKoord4=47.68632800
XKoord5=12.03265100
YKoord5=47.68698000
XKoord6=12.03245200
YKoord6=47.68767700
XKoord7=12.03218500
YKoord7=47.68801500
XKoord8=12.03185300
YKoord8=47.68839700
XKoord9=12.03065400
YKoord9=47.68866700
XKoord10=12.03012100
YKoord10=47.68871200
XKoord11=12.02915600
YKoord11=47.68887000
XKoord12=12.02849000
YKoord12=47.68911800
XKoord13=12.02795700
YKoord13=47.68965700
XKoord14=12.02769100
YKoord14=47.68983700
XKoord15=12.02715800
YKoord15=47.69019700
XKoord16=12.02722500
YKoord16=47.69057900
XKoord17=12.02755800
YKoord17=47.69100700
XKoord18=12.02782500
YKoord18=47.69125400
XKoord19=12.02832500
YKoord19=47.69163600
XKoord20=12.02852500
YKoord20=47.69195100
XKoord21=12.02849100
YKoord21=47.69244500
XKoord22=12.02862500
YKoord22=47.69309700
XKoord23=12.02889200
YKoord23=47.69368200
XKoord24=12.02975800
YKoord24=47.69464900
XKoord25=12.02985800
YKoord25=47.69512100
XKoord26=12.03022500
YKoord26=47.69550300
XKoord27=12.03115800
YKoord27=47.69590700
XKoord28=12.03169100
YKoord28=47.69646900
XKoord29=12.03179100
YKoord29=47.69669400
XKoord30=12.03209100
YKoord30=47.69730100
XKoord31=12.03192500
YKoord31=47.69772800
XKoord32=12.03105900
YKoord32=47.69842600
XKoord33=12.03062700
YKoord33=47.69885300
XKoord34=12.03062700
YKoord34=47.69910000
XKoord35=12.03052700
YKoord35=47.69923500
XKoord36=12.03006100
YKoord36=47.69952800
XKoord37=12.03039400
YKoord37=47.69979800
XKoord38=12.03012800
YKoord38=47.69995500
XKoord39=12.03066100
YKoord39=47.70011200
XKoord40=12.03009500
YKoord40=47.70024700
XKoord41=12.03056100
YKoord41=47.70036000
XKoord42=12.03006100
YKoord42=47.70056200
XKoord43=12.02982900
YKoord43=47.70094400
XKoord44=12.02942900
YKoord44=47.70085500
XKoord45=12.02819600
YKoord45=47.70063000
XKoord46=12.02639800
YKoord46=47.70076500
XKoord47=12.02503200
YKoord47=47.70085600
XKoord48=12.02433300
YKoord48=47.70083300
XKoord49=12.02383300
YKoord49=47.70078800
XKoord50=12.02353300
YKoord50=47.70049600
XKoord51=12.02359900
YKoord51=47.70018100
XKoord52=12.02356600
YKoord52=47.69993400
XKoord53=12.02326600
YKoord53=47.69957400
XKoord54=12.02303300
YKoord54=47.69912500
XKoord55=12.02299900
YKoord55=47.69896700
[Overlay]
Symbols=1
[MapLage]
MapName=Top. Karte 1:50000 Bayern (Süd)
DimmFc=100
ZoomFc=100
CenterLat=47.68484300
CenterLong=12.03607900
RefOn=1
RefLat=47.68484300
RefLong=12.03607900
