[Symbol 1]
Typ=3
Group=1
Col=8
Zoom=1
Size=105
Art=1
Punkte=34
XKoord0=12.01919400
YKoord0=47.60535700
XKoord1=12.02139900
YKoord1=47.60493900
XKoord2=12.02423900
YKoord2=47.60574100
XKoord3=12.02515000
YKoord3=47.60596500
XKoord4=12.02675000
YKoord4=47.60601200
XKoord5=12.02801100
YKoord5=47.60595700
XKoord6=12.02905300
YKoord6=47.60615400
XKoord7=12.03053400
YKoord7=47.60701500
XKoord8=12.03164500
YKoord8=47.60725500
XKoord9=12.03323900
YKoord9=47.60777600
XKoord10=12.03251500
YKoord10=47.60676000
XKoord11=12.03442600
YKoord11=47.60758700
XKoord12=12.03527300
YKoord12=47.60785700
XKoord13=12.03737100
YKoord13=47.60903900
XKoord14=12.03966800
YKoord14=47.60906800
XKoord15=12.04169000
YKoord15=47.60894700
XKoord16=12.04422600
YKoord16=47.60849700
XKoord17=12.04534900
YKoord17=47.60835400
XKoord18=12.05086700
YKoord18=47.60978100
XKoord19=12.05179200
YKoord19=47.61025100
XKoord20=12.05415200
YKoord20=47.61021100
XKoord21=12.05606900
YKoord21=47.61000200
XKoord22=12.05703900
YKoord22=47.61008900
XKoord23=12.05670300
YKoord23=47.61059300
XKoord24=12.05590500
YKoord24=47.61221200
XKoord25=12.05562000
YKoord25=47.61246700
XKoord26=12.05540400
YKoord26=47.61274300
XKoord27=12.05531600
YKoord27=47.61294800
XKoord28=12.05499000
YKoord28=47.61363100
XKoord29=12.05510900
YKoord29=47.61396600
XKoord30=12.05492400
YKoord30=47.61421800
XKoord31=12.05502100
YKoord31=47.61473300
XKoord32=12.05490100
YKoord32=47.61496100
XKoord33=12.05443800
YKoord33=47.61558100
[Overlay]
Symbols=1
[MapLage]
MapName=Top. Karte 1:50000 Bayern (Süd)
DimmFc=100
ZoomFc=100
CenterLat=47.60535700
CenterLong=12.01919400
RefOn=1
RefLat=47.60535700
RefLong=12.01919400
