[Symbol 1]
Typ=3
Group=1
Col=8
Zoom=1
Size=105
Art=1
Punkte=39
XKoord0=12.05669600
YKoord0=47.68595900
XKoord1=12.05649700
YKoord1=47.68640900
XKoord2=12.05576500
YKoord2=47.68652200
XKoord3=12.05543200
YKoord3=47.68652200
XKoord4=12.05500000
YKoord4=47.68755700
XKoord5=12.05416800
YKoord5=47.68836600
XKoord6=12.05346900
YKoord6=47.68854700
XKoord7=12.05120400
YKoord7=47.68839000
XKoord8=12.04937300
YKoord8=47.68834600
XKoord9=12.04900700
YKoord9=47.68850400
XKoord10=12.04840800
YKoord10=47.68904400
XKoord11=12.04704300
YKoord11=47.68994400
XKoord12=12.04581100
YKoord12=47.68987700
XKoord13=12.04487900
YKoord13=47.69084400
XKoord14=12.04464700
YKoord14=47.69203600
XKoord15=12.04418200
YKoord15=47.69280000
XKoord16=12.04294600
YKoord16=47.69469300
XKoord17=12.04221400
YKoord17=47.69505300
XKoord18=12.04181400
YKoord18=47.69536800
XKoord19=12.04098200
YKoord19=47.69577300
XKoord20=12.04058300
YKoord20=47.69613300
XKoord21=12.04011700
YKoord21=47.69656100
XKoord22=12.03925100
YKoord22=47.69660600
XKoord23=12.03881800
YKoord23=47.69662900
XKoord24=12.03818500
YKoord24=47.69626900
XKoord25=12.03778500
YKoord25=47.69606700
XKoord26=12.03751900
YKoord26=47.69633700
XKoord27=12.03721900
YKoord27=47.69667400
XKoord28=12.03702000
YKoord28=47.69748400
XKoord29=12.03678700
YKoord29=47.69802300
XKoord30=12.03678700
YKoord30=47.69842800
XKoord31=12.03642200
YKoord31=47.69914800
XKoord32=12.03658800
YKoord32=47.69966500
XKoord33=12.03691700
YKoord33=47.70074800
XKoord34=12.03715100
YKoord34=47.70117500
XKoord35=12.03685100
YKoord35=47.70110800
XKoord36=12.03631800
YKoord36=47.70106300
XKoord37=12.03591800
YKoord37=47.70108500
XKoord38=12.03571800
YKoord38=47.70117500
[Overlay]
Symbols=1
[MapLage]
MapName=Top. Karte 1:50000 Bayern (Süd)
DimmFc=100
ZoomFc=100
CenterLat=47.68595900
CenterLong=12.05669600
RefOn=1
RefLat=47.68595900
RefLong=12.05669600
