[Symbol 1]
Typ=3
Group=1
Col=8
Zoom=1
Size=105
Art=1
Punkte=42
XKoord0=11.41409700
YKoord0=47.08394500
XKoord1=11.41233000
YKoord1=47.08420700
XKoord2=11.41179200
YKoord2=47.08543300
XKoord3=11.41180500
YKoord3=47.08570300
XKoord4=11.41324200
YKoord4=47.08544800
XKoord5=11.41294800
YKoord5=47.08621900
XKoord6=11.41354600
YKoord6=47.08634100
XKoord7=11.41213300
YKoord7=47.08713600
XKoord8=11.41378600
YKoord8=47.08728100
XKoord9=11.41564300
YKoord9=47.08755700
XKoord10=11.41671900
YKoord10=47.08802900
XKoord11=11.41750900
YKoord11=47.08801300
XKoord12=11.41800400
YKoord12=47.08876700
XKoord13=11.41685000
YKoord13=47.08946600
XKoord14=11.41712900
YKoord14=47.08982000
XKoord15=11.41660900
YKoord15=47.08996600
XKoord16=11.41616200
YKoord16=47.09029100
XKoord17=11.41623800
YKoord17=47.09051400
XKoord18=11.41692100
YKoord18=47.09104000
XKoord19=11.41676400
YKoord19=47.09194300
XKoord20=11.41807400
YKoord20=47.09322000
XKoord21=11.41940000
YKoord21=47.09485700
XKoord22=11.41942600
YKoord22=47.09544100
XKoord23=11.42071600
YKoord23=47.09626900
XKoord24=11.42062100
YKoord24=47.09708100
XKoord25=11.42212000
YKoord25=47.09817400
XKoord26=11.42074400
YKoord26=47.09833800
XKoord27=11.42096200
YKoord27=47.09878400
XKoord28=11.41943700
YKoord28=47.09859100
XKoord29=11.41927400
YKoord29=47.09935900
XKoord30=11.41841300
YKoord30=47.09924200
XKoord31=11.41832000
YKoord31=47.10009900
XKoord32=11.41727000
YKoord32=47.10021100
XKoord33=11.41679900
YKoord33=47.10143600
XKoord34=11.41561100
YKoord34=47.10285600
XKoord35=11.41483900
YKoord35=47.10327800
XKoord36=11.41345000
YKoord36=47.10461200
XKoord37=11.41227900
YKoord37=47.10495100
XKoord38=11.41197400
YKoord38=47.10549800
XKoord39=11.41198000
YKoord39=47.10563300
XKoord40=11.41147200
YKoord40=47.10604800
XKoord41=11.41202300
YKoord41=47.10657700
[Overlay]
Symbols=1
[MapLage]
MapName=ÖK50-West
DimmFc=100
ZoomFc=100
CenterLat=47.08394500
CenterLong=11.41409700
RefOn=1
RefLat=47.08394500
RefLong=11.41409700
