[Symbol 1]
Typ=3
Group=1
Col=8
Zoom=1
Size=105
Art=1
Punkte=63
XKoord0=11.33200300
YKoord0=47.02841800
XKoord1=11.33277100
YKoord1=47.02869500
XKoord2=11.33396700
YKoord2=47.02819800
XKoord3=11.33428600
YKoord3=47.02796600
XKoord4=11.33494900
YKoord4=47.02808800
XKoord5=11.33515400
YKoord5=47.02749900
XKoord6=11.33539000
YKoord6=47.02762900
XKoord7=11.33547500
YKoord7=47.02731200
XKoord8=11.33574700
YKoord8=47.02750900
XKoord9=11.33607300
YKoord9=47.02669300
XKoord10=11.33634100
YKoord10=47.02680000
XKoord11=11.33661600
YKoord11=47.02632100
XKoord12=11.33707400
YKoord12=47.02626700
XKoord13=11.33699100
YKoord13=47.02586400
XKoord14=11.33690900
YKoord14=47.02548300
XKoord15=11.33813800
YKoord15=47.02500800
XKoord16=11.33891000
YKoord16=47.02461000
XKoord17=11.33808800
YKoord17=47.02462700
XKoord18=11.33866800
YKoord18=47.02434500
XKoord19=11.33800500
YKoord19=47.02422300
XKoord20=11.33994800
YKoord20=47.02350900
XKoord21=11.34099700
YKoord21=47.02267700
XKoord22=11.34152500
YKoord22=47.02271100
XKoord23=11.34176200
YKoord23=47.02212200
XKoord24=11.34160500
YKoord24=47.02154000
XKoord25=11.34204100
YKoord25=47.02096900
XKoord26=11.34235500
YKoord26=47.02062500
XKoord27=11.34290600
YKoord27=47.01969100
XKoord28=11.34285400
YKoord28=47.01924200
XKoord29=11.34354900
YKoord29=47.01859800
XKoord30=11.34450400
YKoord30=47.01637300
XKoord31=11.34469700
YKoord31=47.01475000
XKoord32=11.34404300
YKoord32=47.01408800
XKoord33=11.34406200
YKoord33=47.01377300
XKoord34=11.34402800
YKoord34=47.01300800
XKoord35=11.34278200
YKoord35=47.01015300
XKoord36=11.34244300
YKoord36=47.00917000
XKoord37=11.34238500
YKoord37=47.00860900
XKoord38=11.34125300
YKoord38=47.00753000
XKoord39=11.34016400
YKoord39=47.00669700
XKoord40=11.33914800
YKoord40=47.00604300
XKoord41=11.33884000
YKoord41=47.00575700
XKoord42=11.33862900
YKoord42=47.00618800
XKoord43=11.33798200
YKoord43=47.00568400
XKoord44=11.33603900
YKoord44=47.00489100
XKoord45=11.33528700
YKoord45=47.00497400
XKoord46=11.33503300
YKoord46=47.00518200
XKoord47=11.33265000
YKoord47=47.00408300
XKoord48=11.33064100
YKoord48=47.00326900
XKoord49=11.32949400
YKoord49=47.00340100
XKoord50=11.32925300
YKoord50=47.00390100
XKoord51=11.32902000
YKoord51=47.00460300
XKoord52=11.32847300
YKoord52=47.00488400
XKoord53=11.32812200
YKoord53=47.00513900
XKoord54=11.32864800
YKoord54=47.00589300
XKoord55=11.32899700
YKoord55=47.00633600
XKoord56=11.32869400
YKoord56=47.00694900
XKoord57=11.32914100
YKoord57=47.00739000
XKoord58=11.32908000
YKoord58=47.00750400
XKoord59=11.32882400
YKoord59=47.00766700
XKoord60=11.32888400
YKoord60=47.00827300
XKoord61=11.32863800
YKoord61=47.00868300
XKoord62=11.32884400
YKoord62=47.00888100
[Overlay]
Symbols=1
[MapLage]
MapName=ÖK50-West
DimmFc=100
ZoomFc=100
CenterLat=47.02841800
CenterLong=11.33200300
RefOn=1
RefLat=47.02841800
RefLong=11.33200300
