[Symbol 1]
Typ=3
Group=1
Col=8
Zoom=1
Size=105
Art=1
Punkte=41
XKoord0=11.33212200
YKoord0=47.02849200
XKoord1=11.33170700
YKoord1=47.02805000
XKoord2=11.32902300
YKoord2=47.02684500
XKoord3=11.32620900
YKoord3=47.02568700
XKoord4=11.32431700
YKoord4=47.02455600
XKoord5=11.32361500
YKoord5=47.02353500
XKoord6=11.32302900
YKoord6=47.02368200
XKoord7=11.32258000
YKoord7=47.02396100
XKoord8=11.32098900
YKoord8=47.02367900
XKoord9=11.32055600
YKoord9=47.02278800
XKoord10=11.31945000
YKoord10=47.02308000
XKoord11=11.31622000
YKoord11=47.02143500
XKoord12=11.31362700
YKoord12=47.01928300
XKoord13=11.31201600
YKoord13=47.01855100
XKoord14=11.31102500
YKoord14=47.01941100
XKoord15=11.31065200
YKoord15=47.01991400
XKoord16=11.30948200
YKoord16=47.02025200
XKoord17=11.30830300
YKoord17=47.02036600
XKoord18=11.30664900
YKoord18=47.02072900
XKoord19=11.30583100
YKoord19=47.02160000
XKoord20=11.30316100
YKoord20=47.02223900
XKoord21=11.30306500
YKoord21=47.02402600
XKoord22=11.30230700
YKoord22=47.02476100
XKoord23=11.30126700
YKoord23=47.02505200
XKoord24=11.29878000
YKoord24=47.02537200
XKoord25=11.29732800
YKoord25=47.02679600
XKoord26=11.29831600
YKoord26=47.02835100
XKoord27=11.29830000
YKoord27=47.02952200
XKoord28=11.29435300
YKoord28=47.03261600
XKoord29=11.29323100
YKoord29=47.03254800
XKoord30=11.29273200
YKoord30=47.03318800
XKoord31=11.29266000
YKoord31=47.03458400
XKoord32=11.29035300
YKoord32=47.03602500
XKoord33=11.28589700
YKoord33=47.03860400
XKoord34=11.28464300
YKoord34=47.04006900
XKoord35=11.28493900
YKoord35=47.04082800
XKoord36=11.28536500
YKoord36=47.04251400
XKoord37=11.28585500
YKoord37=47.04377900
XKoord38=11.28712000
YKoord38=47.04411400
XKoord39=11.28824200
YKoord39=47.04418100
XKoord40=11.28968100
YKoord40=47.04397300
[Overlay]
Symbols=1
[MapLage]
MapName=ÖK50-West
DimmFc=100
ZoomFc=100
CenterLat=47.02849200
CenterLong=11.33212200
RefOn=1
RefLat=47.02849200
RefLong=11.33212200
