[Symbol 1]
Typ=3
Group=1
Col=8
Zoom=1
Size=105
Art=1
Punkte=36
XKoord0=11.41404400
YKoord0=47.08399900
XKoord1=11.41221100
YKoord1=47.08426200
XKoord2=11.40653600
YKoord2=47.08258200
XKoord3=11.40421400
YKoord3=47.08222600
XKoord4=11.40341200
YKoord4=47.08197300
XKoord5=11.40197100
YKoord5=47.08213800
XKoord6=11.40130800
YKoord6=47.08206200
XKoord7=11.39793100
YKoord7=47.08312200
XKoord8=11.39860500
YKoord8=47.08346800
XKoord9=11.39673100
YKoord9=47.08427200
XKoord10=11.39544700
YKoord10=47.08501900
XKoord11=11.39440600
YKoord11=47.08531100
XKoord12=11.39514000
YKoord12=47.08552100
XKoord13=11.39482300
YKoord13=47.08579700
XKoord14=11.39464800
YKoord14=47.08629600
XKoord15=11.39442500
YKoord15=47.08720000
XKoord16=11.39362700
YKoord16=47.08703700
XKoord17=11.39333600
YKoord17=47.08789800
XKoord18=11.39364800
YKoord18=47.08897200
XKoord19=11.39370800
YKoord19=47.09032000
XKoord20=11.39251000
YKoord20=47.09151500
XKoord21=11.39037200
YKoord21=47.09232500
XKoord22=11.38841600
YKoord22=47.09425500
XKoord23=11.38691200
YKoord23=47.09599700
XKoord24=11.38545100
YKoord24=47.09719700
XKoord25=11.38336100
YKoord25=47.09787200
XKoord26=11.38122500
YKoord26=47.09872600
XKoord27=11.37895500
YKoord27=47.09953800
XKoord28=11.37420100
YKoord28=47.10080700
XKoord29=11.37094100
YKoord29=47.10159400
XKoord30=11.36939300
YKoord30=47.10234600
XKoord31=11.36804500
YKoord31=47.10313900
XKoord32=11.36664800
YKoord32=47.10285300
XKoord33=11.36562300
YKoord33=47.10201900
XKoord34=11.36552500
YKoord34=47.10130100
XKoord35=11.36476500
YKoord35=47.10050700
[Overlay]
Symbols=1
[MapLage]
MapName=ÖK50-West
DimmFc=100
ZoomFc=100
CenterLat=47.08399900
CenterLong=11.41404400
RefOn=1
RefLat=47.08399900
RefLong=11.41404400
