[Symbol 1]
Typ=3
Group=1
Col=8
Zoom=1
Size=105
Art=1
Punkte=27
XKoord0=11.41329600
YKoord0=47.12333700
XKoord1=11.41271800
YKoord1=47.12222400
XKoord2=11.41192900
YKoord2=47.12080100
XKoord3=11.41146600
YKoord3=47.11923000
XKoord4=11.41122300
YKoord4=47.11822300
XKoord5=11.41115800
YKoord5=47.11752700
XKoord6=11.41059300
YKoord6=47.11668400
XKoord7=11.41031100
YKoord7=47.11628500
XKoord8=11.40968000
YKoord8=47.11544300
XKoord9=11.40922400
YKoord9=47.11484600
XKoord10=11.40720700
YKoord10=47.11322300
XKoord11=11.40697400
YKoord11=47.11244100
XKoord12=11.40667500
YKoord12=47.11165900
XKoord13=11.40630200
YKoord13=47.11070000
XKoord14=11.40596300
YKoord14=47.10976200
XKoord15=11.40569600
YKoord15=47.10967800
XKoord16=11.40537100
YKoord16=47.10905500
XKoord17=11.40517100
YKoord17=47.10827100
XKoord18=11.40541000
YKoord18=47.10779300
XKoord19=11.40534800
YKoord19=47.10714200
XKoord20=11.40578700
YKoord20=47.10666000
XKoord21=11.40635100
YKoord21=47.10601800
XKoord22=11.40728900
YKoord22=47.10561600
XKoord23=11.40820200
YKoord23=47.10541700
XKoord24=11.40925500
YKoord24=47.10537200
XKoord25=11.41035300
YKoord25=47.10561900
XKoord26=11.41195200
YKoord26=47.10673300
[Overlay]
Symbols=1
[MapLage]
MapName=ÖK50-West
DimmFc=100
ZoomFc=100
CenterLat=47.12333700
CenterLong=11.41329600
RefOn=1
RefLat=47.12333700
RefLong=11.41329600
