[Symbol 1]
Typ=3
Group=1
Col=8
Zoom=1
Size=105
Art=1
Punkte=16
XKoord0=11.40694700
YKoord0=47.12484300
XKoord1=11.40718800
YKoord1=47.12434300
XKoord2=11.40688200
YKoord2=47.12340400
XKoord3=11.40482200
YKoord3=47.12011800
XKoord4=11.40223700
YKoord4=47.11832700
XKoord5=11.39793300
YKoord5=47.11643800
XKoord6=11.39610000
YKoord6=47.11526100
XKoord7=11.39443900
YKoord7=47.11349600
XKoord8=11.39518500
YKoord8=47.11249100
XKoord9=11.38835300
YKoord9=47.10858400
XKoord10=11.38625200
YKoord10=47.10727800
XKoord11=11.38484100
YKoord11=47.10667700
XKoord12=11.38327500
YKoord12=47.10621400
XKoord13=11.38214500
YKoord13=47.10599000
XKoord14=11.38149500
YKoord14=47.10546400
XKoord15=11.38142200
YKoord15=47.10456600
[Overlay]
Symbols=1
[MapLage]
MapName=ÖK50-West
DimmFc=100
ZoomFc=100
CenterLat=47.12484300
CenterLong=11.40694700
RefOn=1
RefLat=47.12484300
RefLong=11.40694700
