[Symbol 1]
Typ=3
Group=1
Col=8
Zoom=1
Size=105
Art=1
Punkte=21
XKoord0=11.40694700
YKoord0=47.12484300
XKoord1=11.40718800
YKoord1=47.12434300
XKoord2=11.40688200
YKoord2=47.12340400
XKoord3=11.40482200
YKoord3=47.12011800
XKoord4=11.40223700
YKoord4=47.11832700
XKoord5=11.39793300
YKoord5=47.11643800
XKoord6=11.39610000
YKoord6=47.11526100
XKoord7=11.39443900
YKoord7=47.11349600
XKoord8=11.39518500
YKoord8=47.11249100
XKoord9=11.38835300
YKoord9=47.10858400
XKoord10=11.38625200
YKoord10=47.10727800
XKoord11=11.38484100
YKoord11=47.10667700
XKoord12=11.38280800
YKoord12=47.10690000
XKoord13=11.38154300
YKoord13=47.10661100
XKoord14=11.38025400
YKoord14=47.10726800
XKoord15=11.37948600
YKoord15=47.10777900
XKoord16=11.37853200
YKoord16=47.10856300
XKoord17=11.37797200
YKoord17=47.10929500
XKoord18=11.37760500
YKoord18=47.10993300
XKoord19=11.37724000
YKoord19=47.11061500
XKoord20=11.37701900
YKoord20=47.11156500
[Overlay]
Symbols=1
[MapLage]
MapName=ÖK50-West
DimmFc=100
ZoomFc=100
CenterLat=47.12484300
CenterLong=11.40694700
RefOn=1
RefLat=47.12484300
RefLong=11.40694700
