[Symbol 1]
Typ=3
Group=1
Col=8
Zoom=1
Size=105
Art=1
Punkte=29
XKoord0=11.40713700
YKoord0=47.12477100
XKoord1=11.40698400
YKoord1=47.12355900
XKoord2=11.40656000
YKoord2=47.12293800
XKoord3=11.40530200
YKoord3=47.12062500
XKoord4=11.40351100
YKoord4=47.11890800
XKoord5=11.40212700
YKoord5=47.11819400
XKoord6=11.39952700
YKoord6=47.11827100
XKoord7=11.39724900
YKoord7=47.11818400
XKoord8=11.39544200
YKoord8=47.11831200
XKoord9=11.39297200
YKoord9=47.11836400
XKoord10=11.39082300
YKoord10=47.11820600
XKoord11=11.38947800
YKoord11=47.11758800
XKoord12=11.38876200
YKoord12=47.11704000
XKoord13=11.38789000
YKoord13=47.11672100
XKoord14=11.38645600
YKoord14=47.11634600
XKoord15=11.38402300
YKoord15=47.11646400
XKoord16=11.38114500
YKoord16=47.11697400
XKoord17=11.37984200
YKoord17=47.11731600
XKoord18=11.37859500
YKoord18=47.11743200
XKoord19=11.37695200
YKoord19=47.11753300
XKoord20=11.37647400
YKoord20=47.11790300
XKoord21=11.37633500
YKoord21=47.11849100
XKoord22=11.37620300
YKoord22=47.11921400
XKoord23=11.37672800
YKoord23=47.11990000
XKoord24=11.37780600
YKoord24=47.12118300
XKoord25=11.37887300
YKoord25=47.12219600
XKoord26=11.37952200
YKoord26=47.12270000
XKoord27=11.38087100
YKoord27=47.12339100
XKoord28=11.38142300
YKoord28=47.12394200
[Overlay]
Symbols=1
[MapLage]
MapName=ÖK50-West
DimmFc=100
ZoomFc=100
CenterLat=47.12477100
CenterLong=11.40713700
RefOn=1
RefLat=47.12477100
RefLong=11.40713700
