[Symbol 1]
Typ=3
Group=1
Col=8
Zoom=1
Size=105
Art=1
Punkte=44
XKoord0=11.70941100
YKoord0=47.13777200
XKoord1=11.71031000
YKoord1=47.13730000
XKoord2=11.71097600
YKoord2=47.13613700
XKoord3=11.71149000
YKoord3=47.13522500
XKoord4=11.71195100
YKoord4=47.13456200
XKoord5=11.71269600
YKoord5=47.13429700
XKoord6=11.71311500
YKoord6=47.13410700
XKoord7=11.71387900
YKoord7=47.13357100
XKoord8=11.71445100
YKoord8=47.13380500
XKoord9=11.71543900
YKoord9=47.13378200
XKoord10=11.71553000
YKoord10=47.13362200
XKoord11=11.71576100
YKoord11=47.13298700
XKoord12=11.71644100
YKoord12=47.13209300
XKoord13=11.71812600
YKoord13=47.13088300
XKoord14=11.71960400
YKoord14=47.13012800
XKoord15=11.72343200
YKoord15=47.12826000
XKoord16=11.72441600
YKoord16=47.12816900
XKoord17=11.72522600
YKoord17=47.12853200
XKoord18=11.72506700
YKoord18=47.12799600
XKoord19=11.72515700
YKoord19=47.12783600
XKoord20=11.72554300
YKoord20=47.12764700
XKoord21=11.72621400
YKoord21=47.12787800
XKoord22=11.72745900
YKoord22=47.12836600
XKoord23=11.72829400
YKoord23=47.12857100
XKoord24=11.72824200
YKoord24=47.12884300
XKoord25=11.72927500
YKoord25=47.12906500
XKoord26=11.73061800
YKoord26=47.12889800
XKoord27=11.73304700
YKoord27=47.12805300
XKoord28=11.73369800
YKoord28=47.12788000
XKoord29=11.73496400
YKoord29=47.12814200
XKoord30=11.73558900
YKoord30=47.12812700
XKoord31=11.73614200
YKoord31=47.12797900
XKoord32=11.73700300
YKoord32=47.12804800
XKoord33=11.73782300
YKoord33=47.12861400
XKoord34=11.73824600
YKoord34=47.12914400
XKoord35=11.73938300
YKoord35=47.12882400
XKoord36=11.73864400
YKoord36=47.12983200
XKoord37=11.73979100
YKoord37=47.13227900
XKoord38=11.74042500
YKoord38=47.13370400
XKoord39=11.74036400
YKoord39=47.13507800
XKoord40=11.74027700
YKoord40=47.13595700
XKoord41=11.74024300
YKoord41=47.13656500
XKoord42=11.74038600
YKoord42=47.13678700
XKoord43=11.74086900
YKoord43=47.13720300
[Overlay]
Symbols=1
[MapLage]
MapName=ÖK50-West
DimmFc=100
ZoomFc=100
CenterLat=47.13777200
CenterLong=11.70941100
RefOn=1
RefLat=47.13777200
RefLong=11.70941100
