[Symbol 1]
Typ=3
Group=1
Col=8
Zoom=1
Size=105
Art=1
Punkte=45
XKoord0=11.70909000
YKoord0=47.13781600
XKoord1=11.71017800
YKoord1=47.13716100
XKoord2=11.71111700
YKoord2=47.13619300
XKoord3=11.71156700
YKoord3=47.13465300
XKoord4=11.71312200
YKoord4=47.13412100
XKoord5=11.71388500
YKoord5=47.13356300
XKoord6=11.71449400
YKoord6=47.13386400
XKoord7=11.71454600
YKoord7=47.13359200
XKoord8=11.71169100
YKoord8=47.13190500
XKoord9=11.71060700
YKoord9=47.13134600
XKoord10=11.70829500
YKoord10=47.12996100
XKoord11=11.70575800
YKoord11=47.12804100
XKoord12=11.70872400
YKoord12=47.12932100
XKoord13=11.71012300
YKoord13=47.12960200
XKoord14=11.71111100
YKoord14=47.12957900
XKoord15=11.70879400
YKoord15=47.12810400
XKoord16=11.70855100
YKoord16=47.12721000
XKoord17=11.70829200
YKoord17=47.12600100
XKoord18=11.70706300
YKoord18=47.12517500
XKoord19=11.70568900
YKoord19=47.12277800
XKoord20=11.70691300
YKoord20=47.12220900
XKoord21=11.70639900
YKoord21=47.12118600
XKoord22=11.70738900
YKoord22=47.11990300
XKoord23=11.70816200
YKoord23=47.11884800
XKoord24=11.70754700
YKoord24=47.11841300
XKoord25=11.70743300
YKoord25=47.11747000
XKoord26=11.70667900
YKoord26=47.11690300
XKoord27=11.70738300
YKoord27=47.11328900
XKoord28=11.70929400
YKoord28=47.11198300
XKoord29=11.71138400
YKoord29=47.11031200
XKoord30=11.71189400
YKoord30=47.10868000
XKoord31=11.71338200
YKoord31=47.10612500
XKoord32=11.71606700
YKoord32=47.10579200
XKoord33=11.71722000
YKoord33=47.10513400
XKoord34=11.71804600
YKoord34=47.10453000
XKoord35=11.71943300
YKoord35=47.10458700
XKoord36=11.72488000
YKoord36=47.10544700
XKoord37=11.72811000
YKoord37=47.10546000
XKoord38=11.73035300
YKoord38=47.10549700
XKoord39=11.73186500
YKoord39=47.10541600
XKoord40=11.73273200
YKoord40=47.10562000
XKoord41=11.73347000
YKoord41=47.10587200
XKoord42=11.73428500
YKoord42=47.10634800
XKoord43=11.73516100
YKoord43=47.10673200
XKoord44=11.73557000
YKoord44=47.10699200
[Overlay]
Symbols=1
[MapLage]
MapName=ÖK50-West
DimmFc=100
ZoomFc=100
CenterLat=47.13781600
CenterLong=11.70909000
RefOn=1
RefLat=47.13781600
RefLong=11.70909000
