[Symbol 1]
Typ=3
Group=1
Col=8
Zoom=1
Size=105
Art=1
Punkte=40
XKoord0=11.58962100
YKoord0=47.08174900
XKoord1=11.59253000
YKoord1=47.07925400
XKoord2=11.59283300
YKoord2=47.07870700
XKoord3=11.59506300
YKoord3=47.07852100
XKoord4=11.59863400
YKoord4=47.07610100
XKoord5=11.59913200
YKoord5=47.07550400
XKoord6=11.59794500
YKoord6=47.07548600
XKoord7=11.60011700
YKoord7=47.07408700
XKoord8=11.59913000
YKoord8=47.07411000
XKoord9=11.60017400
YKoord9=47.07255600
XKoord10=11.60173300
YKoord10=47.07211600
XKoord11=11.60074400
YKoord11=47.07209300
XKoord12=11.60287800
YKoord12=47.07128000
XKoord13=11.60259300
YKoord13=47.07083600
XKoord14=11.60350300
YKoord14=47.07059000
XKoord15=11.60341300
YKoord15=47.07009700
XKoord16=11.60534300
YKoord16=47.06780400
XKoord17=11.60511500
YKoord17=47.06717900
XKoord18=11.60333900
YKoord18=47.06586900
XKoord19=11.60147300
YKoord19=47.06676700
XKoord20=11.60066600
YKoord20=47.06642500
XKoord21=11.60082600
YKoord21=47.06565700
XKoord22=11.59891600
YKoord22=47.06565500
XKoord23=11.59888600
YKoord23=47.06502600
XKoord24=11.59905000
YKoord24=47.06434700
XKoord25=11.59882400
YKoord25=47.06376700
XKoord26=11.59714500
YKoord26=47.06308500
XKoord27=11.59641100
YKoord27=47.06287700
XKoord28=11.59490000
YKoord28=47.06295600
XKoord29=11.59487100
YKoord29=47.06237200
XKoord30=11.59556200
YKoord30=47.06168100
XKoord31=11.59552500
YKoord31=47.06091700
XKoord32=11.59561500
YKoord32=47.06006000
XKoord33=11.59420500
YKoord33=47.06085700
XKoord34=11.59330000
YKoord34=47.06119300
XKoord35=11.59162400
YKoord35=47.06195100
XKoord36=11.59058100
YKoord36=47.06215400
XKoord37=11.58973000
YKoord37=47.06226400
XKoord38=11.58953700
YKoord38=47.06235800
XKoord39=11.58935100
YKoord39=47.06258700
[Overlay]
Symbols=1
[MapLage]
MapName=ÖK50-West
DimmFc=100
ZoomFc=100
CenterLat=47.08174900
CenterLong=11.58962100
RefOn=1
RefLat=47.08174900
RefLong=11.58962100
