[Symbol 1]
Typ=3
Group=1
Col=8
Zoom=1
Size=105
Art=1
Punkte=33
XKoord0=11.57499900
YKoord0=47.08410800
XKoord1=11.57654500
YKoord1=47.08439900
XKoord2=11.57727300
YKoord2=47.08447300
XKoord3=11.57828000
YKoord3=47.08486600
XKoord4=11.57918900
YKoord4=47.08459800
XKoord5=11.57956500
YKoord5=47.08419600
XKoord6=11.57951100
YKoord6=47.08375900
XKoord7=11.57845700
YKoord7=47.08307400
XKoord8=11.57803900
YKoord8=47.08261100
XKoord9=11.57880600
YKoord9=47.08212100
XKoord10=11.57883900
YKoord10=47.08178300
XKoord11=11.57892200
YKoord11=47.08145500
XKoord12=11.57889000
YKoord12=47.08112900
XKoord13=11.57819200
YKoord13=47.08066100
XKoord14=11.57775800
YKoord14=47.08088500
XKoord15=11.57802400
YKoord15=47.07990000
XKoord16=11.57699000
YKoord16=47.07846000
XKoord17=11.57721200
YKoord17=47.07828700
XKoord18=11.57660500
YKoord18=47.07765900
XKoord19=11.57691900
YKoord19=47.07700000
XKoord20=11.57902900
YKoord20=47.07739100
XKoord21=11.57981600
YKoord21=47.07764300
XKoord22=11.58012100
YKoord22=47.07747900
XKoord23=11.58017200
YKoord23=47.07718500
XKoord24=11.58131000
YKoord24=47.07755300
XKoord25=11.58198300
YKoord25=47.07717800
XKoord26=11.58192100
YKoord26=47.07486200
XKoord27=11.58213700
YKoord27=47.07409400
XKoord28=11.58279500
YKoord28=47.07305600
XKoord29=11.58369100
YKoord29=47.07250700
XKoord30=11.58474600
YKoord30=47.07215000
XKoord31=11.58592200
YKoord31=47.07161700
XKoord32=11.58783700
YKoord32=47.07106300
[Overlay]
Symbols=1
[MapLage]
MapName=ÖK50-West
DimmFc=100
ZoomFc=100
CenterLat=47.08410800
CenterLong=11.57499900
RefOn=1
RefLat=47.08410800
RefLong=11.57499900
