[Symbol 1]
Typ=3
Group=1
Col=8
Zoom=1
Size=105
Art=1
Punkte=46
XKoord0=11.58952700
YKoord0=47.08180600
XKoord1=11.59263200
YKoord1=47.07926100
XKoord2=11.59306600
YKoord2=47.07871200
XKoord3=11.59522900
YKoord3=47.07848300
XKoord4=11.59918100
YKoord4=47.07578300
XKoord5=11.59916600
YKoord5=47.07546800
XKoord6=11.59797900
YKoord6=47.07545000
XKoord7=11.60021600
YKoord7=47.07405000
XKoord8=11.59942700
YKoord8=47.07406800
XKoord9=11.60047300
YKoord9=47.07255900
XKoord10=11.60157600
YKoord10=47.07221900
XKoord11=11.60071900
YKoord11=47.07219300
XKoord12=11.60284800
YKoord12=47.07129000
XKoord13=11.60269300
YKoord13=47.07079900
XKoord14=11.60347800
YKoord14=47.07069100
XKoord15=11.60343600
YKoord15=47.06983700
XKoord16=11.60687900
YKoord16=47.06615900
XKoord17=11.61284700
YKoord17=47.06296300
XKoord18=11.61579800
YKoord18=47.06271500
XKoord19=11.61947900
YKoord19=47.06123600
XKoord20=11.62335000
YKoord20=47.05961800
XKoord21=11.62535000
YKoord21=47.06011200
XKoord22=11.62776800
YKoord22=47.05974100
XKoord23=11.62996500
YKoord23=47.06023100
XKoord24=11.63306700
YKoord24=47.05903500
XKoord25=11.63640900
YKoord25=47.05738300
XKoord26=11.64139900
YKoord26=47.05443300
XKoord27=11.64363600
YKoord27=47.05307700
XKoord28=11.64527600
YKoord28=47.05294900
XKoord29=11.64657800
YKoord29=47.05264900
XKoord30=11.64860800
YKoord30=47.05242200
XKoord31=11.65093600
YKoord31=47.05290800
XKoord32=11.65237900
YKoord32=47.05413400
XKoord33=11.65387800
YKoord33=47.05513400
XKoord34=11.65542800
YKoord34=47.05586300
XKoord35=11.65643200
YKoord35=47.05620000
XKoord36=11.65702400
YKoord36=47.05618600
XKoord37=11.65693800
YKoord37=47.05578300
XKoord38=11.65745600
YKoord38=47.05559100
XKoord39=11.65717700
YKoord39=47.05528300
XKoord40=11.65782800
YKoord40=47.05513300
XKoord41=11.65735000
YKoord41=47.05478400
XKoord42=11.65786700
YKoord42=47.05459200
XKoord43=11.65766100
YKoord43=47.05441700
XKoord44=11.65864900
YKoord44=47.05443900
XKoord45=11.65905800
YKoord45=47.05339400
[Overlay]
Symbols=1
[MapLage]
MapName=ÖK50-West
DimmFc=100
ZoomFc=100
CenterLat=47.08180600
CenterLong=11.58952700
RefOn=1
RefLat=47.08180600
RefLong=11.58952700
