[Symbol 1]
Typ=3
Group=1
Col=8
Zoom=1
Size=105
Art=1
Punkte=39
XKoord0=11.58949800
YKoord0=47.08193200
XKoord1=11.59062500
YKoord1=47.08208700
XKoord2=11.59139500
YKoord2=47.08166400
XKoord3=11.59193900
YKoord3=47.08201200
XKoord4=11.59258000
YKoord4=47.08163700
XKoord5=11.59287300
YKoord5=47.08226100
XKoord6=11.59405100
YKoord6=47.08209900
XKoord7=11.59576200
YKoord7=47.08206000
XKoord8=11.59702300
YKoord8=47.08225700
XKoord9=11.59770300
YKoord9=47.08269100
XKoord10=11.59853900
YKoord10=47.08226700
XKoord11=11.59908500
YKoord11=47.08266000
XKoord12=11.60032400
YKoord12=47.08240700
XKoord13=11.60037700
YKoord13=47.08213600
XKoord14=11.60069900
YKoord14=47.08199300
XKoord15=11.60130200
YKoord15=47.08220500
XKoord16=11.60349100
YKoord16=47.08116500
XKoord17=11.60465400
YKoord17=47.08068800
XKoord18=11.60590000
YKoord18=47.08057000
XKoord19=11.60748300
YKoord19=47.08062400
XKoord20=11.61033500
YKoord20=47.08100900
XKoord21=11.61427600
YKoord21=47.08078400
XKoord22=11.61643800
YKoord22=47.08055500
XKoord23=11.61675400
YKoord23=47.08027700
XKoord24=11.61670300
YKoord24=47.07924400
XKoord25=11.61749500
YKoord25=47.07927100
XKoord26=11.61822100
YKoord26=47.07794900
XKoord27=11.61876500
YKoord27=47.07829700
XKoord28=11.61927400
YKoord28=47.07792500
XKoord29=11.62091600
YKoord29=47.07784200
XKoord30=11.62142300
YKoord30=47.07742600
XKoord31=11.62234400
YKoord31=47.07740500
XKoord32=11.62252100
YKoord32=47.07699600
XKoord33=11.62289400
YKoord33=47.07653700
XKoord34=11.62279700
YKoord34=47.07590900
XKoord35=11.62277500
YKoord35=47.07546000
XKoord36=11.62255800
YKoord36=47.07506000
XKoord37=11.62208400
YKoord37=47.07480100
XKoord38=11.62158200
YKoord38=47.07530700
[Overlay]
Symbols=1
[MapLage]
MapName=ÖK50-West
DimmFc=100
ZoomFc=100
CenterLat=47.08193200
CenterLong=11.58949800
RefOn=1
RefLat=47.08193200
RefLong=11.58949800
