[Symbol 1]
Typ=3
Group=1
Col=8
Zoom=1
Size=105
Art=1
Punkte=50
XKoord0=11.80928800
YKoord0=47.21764900
XKoord1=11.80911700
YKoord1=47.21814800
XKoord2=11.80812500
YKoord2=47.21812700
XKoord3=11.80609000
YKoord3=47.21835700
XKoord4=11.80451600
YKoord4=47.21857600
XKoord5=11.80109600
YKoord5=47.22010000
XKoord6=11.80027700
YKoord6=47.22084000
XKoord7=11.79935100
YKoord7=47.22081700
XKoord8=11.79583900
YKoord8=47.22310800
XKoord9=11.79567400
YKoord9=47.22374200
XKoord10=11.79425800
YKoord10=47.22445100
XKoord11=11.79207400
YKoord11=47.22562900
XKoord12=11.79170000
YKoord12=47.22604400
XKoord13=11.79053100
YKoord13=47.22643200
XKoord14=11.78943800
YKoord14=47.22699900
XKoord15=11.78848400
YKoord15=47.22769700
XKoord16=11.78615200
YKoord16=47.22856300
XKoord17=11.78239800
YKoord17=47.23005000
XKoord18=11.77930900
YKoord18=47.23035000
XKoord19=11.77689600
YKoord19=47.22968800
XKoord20=11.77459000
YKoord20=47.22852900
XKoord21=11.77175400
YKoord21=47.22733800
XKoord22=11.77009500
YKoord22=47.22719800
XKoord23=11.76832600
YKoord23=47.22620600
XKoord24=11.76695300
YKoord24=47.22520400
XKoord25=11.76435700
YKoord25=47.22355700
XKoord26=11.76339100
YKoord26=47.22277100
XKoord27=11.76235700
YKoord27=47.22194100
XKoord28=11.76205900
YKoord28=47.22127300
XKoord29=11.76228500
YKoord29=47.22054800
XKoord30=11.75998900
YKoord30=47.21830800
XKoord31=11.75971100
YKoord31=47.21804500
XKoord32=11.75802000
YKoord32=47.21727600
XKoord33=11.75720200
YKoord33=47.21549600
XKoord34=11.75741000
YKoord34=47.21315100
XKoord35=11.75699400
YKoord35=47.21149600
XKoord36=11.75773200
YKoord36=47.21044300
XKoord37=11.75837700
YKoord37=47.21015800
XKoord38=11.75935800
YKoord38=47.20869400
XKoord39=11.75911600
YKoord39=47.20784500
XKoord40=11.75862900
YKoord40=47.20736200
XKoord41=11.75671200
YKoord41=47.20605800
XKoord42=11.75656400
YKoord42=47.20574700
XKoord43=11.75672700
YKoord43=47.20506800
XKoord44=11.75543700
YKoord44=47.20437900
XKoord45=11.75279500
YKoord45=47.20309300
XKoord46=11.75214700
YKoord46=47.20333300
XKoord47=11.75197300
YKoord47=47.20378700
XKoord48=11.75172800
YKoord48=47.20415300
XKoord49=11.75122100
YKoord49=47.20457000
[Overlay]
Symbols=1
[MapLage]
MapName=ÖK50-West
DimmFc=100
ZoomFc=100
CenterLat=47.21764900
CenterLong=11.80928800
RefOn=1
RefLat=47.21764900
RefLong=11.80928800
