[Symbol 1]
Typ=3
Group=1
Col=8
Zoom=1
Size=105
Art=1
Punkte=35
XKoord0=11.80928800
YKoord0=47.21764900
XKoord1=11.80911700
YKoord1=47.21814800
XKoord2=11.80812500
YKoord2=47.21812700
XKoord3=11.80609000
YKoord3=47.21835700
XKoord4=11.80451600
YKoord4=47.21857600
XKoord5=11.80109600
YKoord5=47.22010000
XKoord6=11.80027700
YKoord6=47.22084000
XKoord7=11.79935100
YKoord7=47.22081700
XKoord8=11.79583900
YKoord8=47.22310800
XKoord9=11.79567400
YKoord9=47.22374200
XKoord10=11.79425800
YKoord10=47.22445100
XKoord11=11.79207400
YKoord11=47.22562900
XKoord12=11.79170000
YKoord12=47.22604400
XKoord13=11.79053100
YKoord13=47.22643200
XKoord14=11.78943800
YKoord14=47.22699900
XKoord15=11.78848400
YKoord15=47.22769700
XKoord16=11.78576600
YKoord16=47.22876200
XKoord17=11.78444900
YKoord17=47.23009900
XKoord18=11.78160300
YKoord18=47.23124800
XKoord19=11.77958300
YKoord19=47.23179200
XKoord20=11.78068600
YKoord20=47.23266500
XKoord21=11.77832200
YKoord21=47.23294700
XKoord22=11.77650600
YKoord22=47.23231600
XKoord23=11.77295700
YKoord23=47.23141200
XKoord24=11.77062500
YKoord24=47.23101900
XKoord25=11.76775100
YKoord25=47.22910900
XKoord26=11.76621800
YKoord26=47.22757100
XKoord27=11.76380100
YKoord27=47.22681900
XKoord28=11.76143600
YKoord28=47.22579600
XKoord29=11.75980800
YKoord29=47.22498100
XKoord30=11.75797800
YKoord30=47.22408000
XKoord31=11.75627700
YKoord31=47.22313100
XKoord32=11.75504300
YKoord32=47.22226100
XKoord33=11.75421700
YKoord33=47.22160600
XKoord34=11.75282000
YKoord34=47.22141400
[Overlay]
Symbols=1
[MapLage]
MapName=ÖK50-West
DimmFc=100
ZoomFc=100
CenterLat=47.21764900
CenterLong=11.80928800
RefOn=1
RefLat=47.21764900
RefLong=11.80928800
