[Symbol 1]
Typ=3
Group=1
Col=8
Zoom=1
Size=105
Art=1
Punkte=59
XKoord0=12.29786600
YKoord0=47.66101100
XKoord1=12.29750900
YKoord1=47.66169600
XKoord2=12.29701500
YKoord2=47.66336400
XKoord3=12.29697100
YKoord3=47.66424300
XKoord4=12.29583600
YKoord4=47.66447800
XKoord5=12.29565400
YKoord5=47.66475300
XKoord6=12.29496600
YKoord6=47.66494200
XKoord7=12.29479700
YKoord7=47.66541900
XKoord8=12.29478100
YKoord8=47.66596000
XKoord9=12.29418100
YKoord9=47.66675300
XKoord10=12.29368500
YKoord10=47.66680100
XKoord11=12.29308700
YKoord11=47.66762800
XKoord12=12.29385700
YKoord12=47.66794300
XKoord13=12.29327500
YKoord13=47.66823000
XKoord14=12.29278500
YKoord14=47.66837900
XKoord15=12.29290400
YKoord15=47.66867900
XKoord16=12.29287100
YKoord16=47.66895000
XKoord17=12.29325400
YKoord17=47.66947900
XKoord18=12.29426600
YKoord18=47.66968600
XKoord19=12.29499200
YKoord19=47.67010400
XKoord20=12.29522100
YKoord20=47.67057000
XKoord21=12.29613100
YKoord21=47.67152300
XKoord22=12.29816200
YKoord22=47.67203800
XKoord23=12.29947300
YKoord23=47.67223600
XKoord24=12.30202200
YKoord24=47.67304000
XKoord25=12.30339800
YKoord25=47.67347300
XKoord26=12.30449900
YKoord26=47.67428500
XKoord27=12.30671700
YKoord27=47.67459200
XKoord28=12.31049000
YKoord28=47.67499000
XKoord29=12.30696800
YKoord29=47.67461900
XKoord30=12.30455100
YKoord30=47.67431700
XKoord31=12.30285200
YKoord31=47.67352300
XKoord32=12.30171200
YKoord32=47.67288100
XKoord33=12.29587700
YKoord33=47.67146300
XKoord34=12.29491100
YKoord34=47.67041000
XKoord35=12.29288900
YKoord35=47.67003000
XKoord36=12.28949100
YKoord36=47.67002600
XKoord37=12.28797700
YKoord37=47.66899000
XKoord38=12.28799500
YKoord38=47.66848300
XKoord39=12.28877200
YKoord39=47.66812300
XKoord40=12.28891600
YKoord40=47.66724200
XKoord41=12.28948700
YKoord41=47.66678700
XKoord42=12.28939900
YKoord42=47.66618200
XKoord43=12.28901700
YKoord43=47.66646300
XKoord44=12.28835100
YKoord44=47.66698800
XKoord45=12.28759500
YKoord45=47.66768400
XKoord46=12.28760100
YKoord46=47.66697600
XKoord47=12.28765600
YKoord47=47.66626500
XKoord48=12.28657500
YKoord48=47.66575600
XKoord49=12.28640600
YKoord49=47.66545800
XKoord50=12.28681300
YKoord50=47.66477100
XKoord51=12.28773200
YKoord51=47.66508200
XKoord52=12.28806600
YKoord52=47.66483600
XKoord53=12.28795500
YKoord53=47.66386100
XKoord54=12.28699100
YKoord54=47.66284200
XKoord55=12.28903700
YKoord55=47.66200700
XKoord56=12.29309600
YKoord56=47.66141800
XKoord57=12.29534200
YKoord57=47.66138800
XKoord58=12.29756900
YKoord58=47.66105400
[Symbol 2]
Typ=6
Group=2
Width=20
Height=20
Dir=100
Art=1
Col=2
Zoom=1
Size=102
Area=2
XKoord=12.29773500
YKoord=47.66101100
[Overlay]
Symbols=2
[MapLage]
MapName=Top. Karte 1:50000 Bayern (Süd)
DimmFc=100
ZoomFc=100
CenterLat=47.66101100
CenterLong=12.29786600
RefOn=1
RefLat=47.66101100
RefLong=12.29786600
