[Symbol 1]
Typ=3
Group=1
Col=8
Zoom=1
Size=105
Art=1
Punkte=48
XKoord0=12.38424500
YKoord0=47.66984000
XKoord1=12.38342300
YKoord1=47.66949300
XKoord2=12.38136800
YKoord2=47.66938500
XKoord3=12.37904600
YKoord3=47.66901500
XKoord4=12.37758900
YKoord4=47.66888900
XKoord5=12.37598000
YKoord5=47.66873400
XKoord6=12.37426500
YKoord6=47.66925700
XKoord7=12.37296400
YKoord7=47.66922800
XKoord8=12.37098000
YKoord8=47.66945500
XKoord9=12.36909200
YKoord9=47.66961200
XKoord10=12.36616400
YKoord10=47.67077000
XKoord11=12.36379500
YKoord11=47.67037500
XKoord12=12.36310300
YKoord12=47.67049600
XKoord13=12.36185400
YKoord13=47.67049900
XKoord14=12.36047800
YKoord14=47.67084300
XKoord15=12.36044300
YKoord15=47.67108000
XKoord16=12.36005900
YKoord16=47.67132800
XKoord17=12.35857000
YKoord17=47.67147300
XKoord18=12.35760700
YKoord18=47.67204100
XKoord19=12.35577200
YKoord19=47.67226300
XKoord20=12.35514800
YKoord20=47.67265300
XKoord21=12.35425500
YKoord21=47.67274700
XKoord22=12.35342800
YKoord22=47.67310800
XKoord23=12.35328100
YKoord23=47.67469900
XKoord24=12.35215600
YKoord24=47.67464500
XKoord25=12.35178900
YKoord25=47.67515100
XKoord26=12.35149400
YKoord26=47.67574400
XKoord27=12.35197000
YKoord27=47.67686300
XKoord28=12.35233000
YKoord28=47.67702100
XKoord29=12.35217600
YKoord29=47.67806400
XKoord30=12.35277400
YKoord30=47.67908200
XKoord31=12.35246800
YKoord31=47.67995300
XKoord32=12.35171100
YKoord32=47.68061600
XKoord33=12.35168900
YKoord33=47.68105600
XKoord34=12.35178900
YKoord34=47.68260500
XKoord35=12.35131400
YKoord35=47.68299000
XKoord36=12.35070000
YKoord36=47.68413700
XKoord37=12.34966400
YKoord37=47.68461700
XKoord38=12.34796100
YKoord38=47.68500400
XKoord39=12.34541400
YKoord39=47.68504400
XKoord40=12.34462500
YKoord40=47.68520200
XKoord41=12.34385200
YKoord41=47.68640600
XKoord42=12.34315400
YKoord42=47.68720300
XKoord43=12.34206900
YKoord43=47.68743700
XKoord44=12.34185800
YKoord44=47.68805000
XKoord45=12.34069300
YKoord45=47.68859000
XKoord46=12.34063700
YKoord46=47.68933500
XKoord47=12.33979500
YKoord47=47.69016900
[Symbol 2]
Typ=6
Group=2
Width=20
Height=20
Dir=100
Art=1
Col=2
Zoom=1
Size=102
Area=2
XKoord=12.38424500
YKoord=47.66984000
[Overlay]
Symbols=2
[MapLage]
MapName=Top. Karte 1:50000 Bayern (Süd)
DimmFc=100
ZoomFc=100
CenterLat=47.66984000
CenterLong=12.38424500
RefOn=1
RefLat=47.66984000
RefLong=12.38424500
