[Symbol 1]
Typ=3
Group=1
Col=8
Zoom=1
Size=105
Art=1
Punkte=53
XKoord0=12.18813200
YKoord0=47.67926900
XKoord1=12.18945200
YKoord1=47.67960400
XKoord2=12.19083200
YKoord2=47.67929600
XKoord3=12.19179700
YKoord3=47.67872900
XKoord4=12.19214800
YKoord4=47.67875300
XKoord5=12.19315400
YKoord5=47.67967000
XKoord6=12.19355400
YKoord6=47.68050200
XKoord7=12.19419800
YKoord7=47.68122700
XKoord8=12.19420500
YKoord8=47.68051800
XKoord9=12.19370200
YKoord9=47.67965400
XKoord10=12.19403500
YKoord10=47.67937500
XKoord11=12.19431500
YKoord11=47.67987300
XKoord12=12.19522800
YKoord12=47.68008400
XKoord13=12.19593200
YKoord13=47.68097600
XKoord14=12.19696200
YKoord14=47.68148700
XKoord15=12.19799900
YKoord15=47.68209900
XKoord16=12.20018200
YKoord16=47.68264600
XKoord17=12.20231800
YKoord17=47.68326100
XKoord18=12.20427400
YKoord18=47.68418500
XKoord19=12.20649800
YKoord19=47.68540500
XKoord20=12.20722100
YKoord20=47.68660000
XKoord21=12.20696200
YKoord21=47.68809200
XKoord22=12.20701400
YKoord22=47.68974400
XKoord23=12.20742300
YKoord23=47.69152100
XKoord24=12.20770500
YKoord24=47.69205300
XKoord25=12.20758900
YKoord25=47.69259600
XKoord26=12.20657400
YKoord26=47.69316500
XKoord27=12.20537200
YKoord27=47.69313100
XKoord28=12.20454000
YKoord28=47.69342400
XKoord29=12.20479400
YKoord29=47.69429400
XKoord30=12.20461300
YKoord30=47.69460300
XKoord31=12.20397600
YKoord31=47.69482300
XKoord32=12.20295200
YKoord32=47.69441300
XKoord33=12.20284500
YKoord33=47.69512500
XKoord34=12.20221100
YKoord34=47.69618900
XKoord35=12.20147000
YKoord35=47.69715500
XKoord36=12.20120400
YKoord36=47.69689200
XKoord37=12.19953500
YKoord37=47.69656700
XKoord38=12.19820000
YKoord38=47.69680700
XKoord39=12.19702900
YKoord39=47.69727800
XKoord40=12.19689200
YKoord40=47.69748500
XKoord41=12.19653400
YKoord41=47.69817000
XKoord42=12.19504000
YKoord42=47.69908900
XKoord43=12.19500900
YKoord43=47.69939300
XKoord44=12.19431400
YKoord44=47.69948000
XKoord45=12.19369400
YKoord45=47.69997000
XKoord46=12.19089600
YKoord46=47.69998000
XKoord47=12.18886200
YKoord47=47.70023900
XKoord48=12.18717500
YKoord48=47.70045500
XKoord49=12.18639600
YKoord49=47.69997100
XKoord50=12.18589400
YKoord50=47.70076100
XKoord51=12.18518700
YKoord51=47.70064500
XKoord52=12.18389700
YKoord52=47.69997200
[Symbol 2]
Typ=6
Group=2
Width=20
Height=20
Dir=100
Art=1
Col=2
Zoom=1
Size=102
Area=2
XKoord=12.20827000
YKoord=47.68498400
[Symbol 3]
Typ=6
Group=2
Width=20
Height=20
Dir=100
Art=1
Col=2
Zoom=1
Size=102
Area=2
XKoord=12.18808600
YKoord=47.67926200
[Overlay]
Symbols=3
[MapLage]
MapName=Top. Karte 1:50000 Bayern (Süd)
DimmFc=100
ZoomFc=100
CenterLat=47.67926900
CenterLong=12.18813200
RefOn=1
RefLat=47.67926900
RefLong=12.18813200
