[Symbol 1]
Typ=3
Group=1
Col=8
Zoom=1
Size=105
Art=1
Punkte=26
XKoord0=12.26070200
YKoord0=47.67229900
XKoord1=12.26161700
YKoord1=47.67308300
XKoord2=12.26174700
YKoord2=47.67355200
XKoord3=12.26199500
YKoord3=47.67379200
XKoord4=12.26218900
YKoord4=47.67369700
XKoord5=12.26221400
YKoord5=47.67410100
XKoord6=12.26331900
YKoord6=47.67472200
XKoord7=12.26452600
YKoord7=47.67538500
XKoord8=12.26620000
YKoord8=47.67659700
XKoord9=12.26679000
YKoord9=47.67696300
XKoord10=12.26814600
YKoord10=47.67735200
XKoord11=12.26886000
YKoord11=47.67757900
XKoord12=12.27031400
YKoord12=47.67792000
XKoord13=12.27048600
YKoord13=47.67854500
XKoord14=12.27060200
YKoord14=47.68038700
XKoord15=12.27094100
YKoord15=47.68100800
XKoord16=12.27120900
YKoord16=47.68156200
XKoord17=12.27321500
YKoord17=47.68168500
XKoord18=12.27483900
YKoord18=47.68154900
XKoord19=12.27571900
YKoord19=47.68177100
XKoord20=12.27620000
YKoord20=47.68200500
XKoord21=12.27680200
YKoord21=47.68203300
XKoord22=12.27696800
YKoord22=47.68202800
XKoord23=12.27705600
YKoord23=47.68236300
XKoord24=12.27703900
YKoord24=47.68263300
XKoord25=12.27716000
YKoord25=47.68296700
[Overlay]
Symbols=1
[MapLage]
MapName=Top. Karte 1:50000 Bayern (Süd)
DimmFc=100
ZoomFc=100
CenterLat=47.67229900
CenterLong=12.26070200
RefOn=1
RefLat=47.67229900
RefLong=12.26070200
