[Symbol 1]
Typ=3
Group=1
Col=8
Zoom=1
Size=105
Art=1
Punkte=45
XKoord0=12.26791000
YKoord0=47.69292400
XKoord1=12.26901200
YKoord1=47.69244300
XKoord2=12.26935800
YKoord2=47.69157800
XKoord3=12.27016200
YKoord3=47.69164500
XKoord4=12.27228300
YKoord4=47.69253000
XKoord5=12.27342000
YKoord5=47.69258700
XKoord6=12.27470500
YKoord6=47.69183100
XKoord7=12.27527400
YKoord7=47.69239900
XKoord8=12.27766400
YKoord8=47.69332100
XKoord9=12.28110400
YKoord9=47.69502200
XKoord10=12.28165800
YKoord10=47.69536600
XKoord11=12.28440900
YKoord11=47.69564800
XKoord12=12.28423700
YKoord12=47.69610200
XKoord13=12.28328400
YKoord13=47.69685000
XKoord14=12.28312700
YKoord14=47.69752900
XKoord15=12.28248700
YKoord15=47.69795200
XKoord16=12.28129800
YKoord16=47.69812100
XKoord17=12.28129900
YKoord17=47.69920100
XKoord18=12.28207200
YKoord18=47.70088900
XKoord19=12.28298000
YKoord19=47.69942300
XKoord20=12.28431600
YKoord20=47.69947500
XKoord21=12.28532600
YKoord21=47.69751100
XKoord22=12.28898300
YKoord22=47.69632600
XKoord23=12.29072000
YKoord23=47.69533200
XKoord24=12.29152100
YKoord24=47.69535400
XKoord25=12.29184500
YKoord25=47.69520900
XKoord26=12.29159800
YKoord26=47.69445100
XKoord27=12.29232100
YKoord27=47.69429600
XKoord28=12.29699900
YKoord28=47.69555600
XKoord29=12.29930100
YKoord29=47.69612000
XKoord30=12.30209500
YKoord30=47.69603900
XKoord31=12.30330700
YKoord31=47.69622900
XKoord32=12.30520600
YKoord32=47.69676000
XKoord33=12.30589200
YKoord33=47.69765400
XKoord34=12.30575900
YKoord34=47.69923300
XKoord35=12.30605300
YKoord35=47.70019200
XKoord36=12.30799700
YKoord36=47.70141800
XKoord37=12.30942700
YKoord37=47.70189400
XKoord38=12.31013000
YKoord38=47.70142400
XKoord39=12.31207300
YKoord39=47.70105300
XKoord40=12.31364200
YKoord40=47.70161500
XKoord41=12.31454400
YKoord41=47.70271400
XKoord42=12.31518600
YKoord42=47.70388800
XKoord43=12.31623000
YKoord43=47.70511700
XKoord44=12.31741500
YKoord44=47.70593800
[Overlay]
Symbols=1
[MapLage]
MapName=Top. Karte 1:50000 Bayern (Süd)
DimmFc=100
ZoomFc=100
CenterLat=47.69292400
CenterLong=12.26791000
RefOn=1
RefLat=47.69292400
RefLong=12.26791000
