[Symbol 1]
Typ=3
Group=1
Col=8
Zoom=1
Size=105
Art=1
Punkte=21
XKoord0=12.25717400
YKoord0=47.68871500
XKoord1=12.25620400
YKoord1=47.68912000
XKoord2=12.25453100
YKoord2=47.68953900
XKoord3=12.25279500
YKoord3=47.69056700
XKoord4=12.25066100
YKoord4=47.69241600
XKoord5=12.24970500
YKoord5=47.69311800
XKoord6=12.24628800
YKoord6=47.69362000
XKoord7=12.24185500
YKoord7=47.69469000
XKoord8=12.24039800
YKoord8=47.69618200
XKoord9=12.24045500
YKoord9=47.69790200
XKoord10=12.24122700
YKoord10=47.69987100
XKoord11=12.24365500
YKoord11=47.70354800
XKoord12=12.24436300
YKoord12=47.70528300
XKoord13=12.24483300
YKoord13=47.70641700
XKoord14=12.24543100
YKoord14=47.70674500
XKoord15=12.24690000
YKoord15=47.70785100
XKoord16=12.24770800
YKoord16=47.70851400
XKoord17=12.24790600
YKoord17=47.70928400
XKoord18=12.24767900
YKoord18=47.71019100
XKoord19=12.24702800
YKoord19=47.71071500
XKoord20=12.24665300
YKoord20=47.71085000
[Overlay]
Symbols=1
[MapLage]
MapName=Top. Karte 1:50000 Bayern (Süd)
DimmFc=100
ZoomFc=100
CenterLat=47.68871500
CenterLong=12.25717400
RefOn=1
RefLat=47.68871500
RefLong=12.25717400
