[Symbol 1]
Typ=3
Group=1
Col=8
Zoom=1
Size=105
Art=1
Punkte=68
XKoord0=11.71371300
YKoord0=47.48340100
XKoord1=11.71446400
YKoord1=47.48315800
XKoord2=11.71581200
YKoord2=47.48290100
XKoord3=11.71627800
YKoord3=47.48293500
XKoord4=11.71686500
YKoord4=47.48337100
XKoord5=11.71810000
YKoord5=47.48352200
XKoord6=11.71918200
YKoord6=47.48390100
XKoord7=11.71986400
YKoord7=47.48361500
XKoord8=11.72013000
YKoord8=47.48297900
XKoord9=11.72093500
YKoord9=47.48314000
XKoord10=11.72110700
YKoord10=47.48327100
XKoord11=11.72153300
YKoord11=47.48314800
XKoord12=11.72184100
YKoord12=47.48269100
XKoord13=11.72254300
YKoord13=47.48278700
XKoord14=11.72275800
YKoord14=47.48309700
XKoord15=11.72241300
YKoord15=47.48348700
XKoord16=11.72269900
YKoord16=47.48388500
XKoord17=11.72274400
YKoord17=47.48410900
XKoord18=11.72313600
YKoord18=47.48398700
XKoord19=11.72328200
YKoord19=47.48360200
XKoord20=11.72436200
YKoord20=47.48330600
XKoord21=11.72464100
YKoord21=47.48293900
XKoord22=11.72516900
YKoord22=47.48288200
XKoord23=11.72598900
YKoord23=47.48205200
XKoord24=11.72692600
YKoord24=47.48155800
XKoord25=11.72680800
YKoord25=47.48120000
XKoord26=11.72620100
YKoord26=47.48101200
XKoord27=11.72537500
YKoord27=47.48107700
XKoord28=11.72518300
YKoord28=47.48121700
XKoord29=11.72509100
YKoord29=47.48137600
XKoord30=11.72389200
YKoord30=47.48129200
XKoord31=11.72359600
YKoord31=47.48134400
XKoord32=11.72293500
YKoord32=47.48075300
XKoord33=11.72298500
YKoord33=47.48043600
XKoord34=11.72258300
YKoord34=47.48035600
XKoord35=11.72233500
YKoord35=47.48004700
XKoord36=11.72199600
YKoord36=47.47992000
XKoord37=11.72186900
YKoord37=47.47938300
XKoord38=11.72091400
YKoord38=47.47888800
XKoord39=11.72144300
YKoord39=47.47628900
XKoord40=11.72278100
YKoord40=47.47585200
XKoord41=11.72380100
YKoord41=47.47567000
XKoord42=11.72537200
YKoord42=47.47525000
XKoord43=11.72602600
YKoord43=47.47570700
XKoord44=11.72756700
YKoord44=47.47535600
XKoord45=11.72841800
YKoord45=47.47513300
XKoord46=11.72982700
YKoord46=47.47478400
XKoord47=11.73144900
YKoord47=47.47407100
XKoord48=11.73262900
YKoord48=47.47379500
XKoord49=11.73330400
YKoord49=47.47296700
XKoord50=11.73350100
YKoord50=47.47228800
XKoord51=11.73343900
YKoord51=47.47174900
XKoord52=11.73367400
YKoord52=47.47115900
XKoord53=11.73406400
YKoord53=47.46971000
XKoord54=11.73482500
YKoord54=47.46840900
XKoord55=11.73660000
YKoord55=47.46616200
XKoord56=11.73696500
YKoord56=47.46552300
XKoord57=11.73838700
YKoord57=47.46479200
XKoord58=11.73936100
YKoord58=47.46375600
XKoord59=11.74063700
YKoord59=47.46341100
XKoord60=11.74165800
YKoord60=47.46294800
XKoord61=11.74329700
YKoord61=47.46320100
XKoord62=11.74580900
YKoord62=47.46365900
XKoord63=11.74781700
YKoord63=47.46399300
XKoord64=11.74856900
YKoord64=47.46442500
XKoord65=11.75026600
YKoord65=47.46451900
XKoord66=11.75120800
YKoord66=47.46476700
XKoord67=11.75167600
YKoord67=47.46547500
[Symbol 2]
Typ=6
Group=2
Width=20
Height=20
Dir=100
Art=1
Col=2
Zoom=1
Size=102
Area=2
XKoord=11.71400700
YKoord=47.48332000
[Overlay]
Symbols=2
[MapLage]
MapName=ÖK50-West
DimmFc=100
ZoomFc=100
CenterLat=47.48340100
CenterLong=11.71371300
RefOn=1
RefLat=47.48340100
RefLong=11.71371300
