[Symbol 1]
Typ=3
Group=1
Col=8
Zoom=1
Size=105
Art=1
Punkte=80
XKoord0=11.79817000
YKoord0=47.41841200
XKoord1=11.79784200
YKoord1=47.41923900
XKoord2=11.79624600
YKoord2=47.42063200
XKoord3=11.79692000
YKoord3=47.42108800
XKoord4=11.79816400
YKoord4=47.42354600
XKoord5=11.79928400
YKoord5=47.42367600
XKoord6=11.80005100
YKoord6=47.42413000
XKoord7=11.79979800
YKoord7=47.42460800
XKoord8=11.79893100
YKoord8=47.42664500
XKoord9=11.79852800
YKoord9=47.42690700
XKoord10=11.79628500
YKoord10=47.42749700
XKoord11=11.79562400
YKoord11=47.42729300
XKoord12=11.79407800
YKoord12=47.42789800
XKoord13=11.79311600
YKoord13=47.42814200
XKoord14=11.79145900
YKoord14=47.42928400
XKoord15=11.78954400
YKoord15=47.42992900
XKoord16=11.78803600
YKoord16=47.43037600
XKoord17=11.78720000
YKoord17=47.43124600
XKoord18=11.78692400
YKoord18=47.43216600
XKoord19=11.78795200
YKoord19=47.43229900
XKoord20=11.78866900
YKoord20=47.43269100
XKoord21=11.78907500
YKoord21=47.43353200
XKoord22=11.78909800
YKoord22=47.43397300
XKoord23=11.78851200
YKoord23=47.43430200
XKoord24=11.78815000
YKoord24=47.43446800
XKoord25=11.78816500
YKoord25=47.43475100
XKoord26=11.78872600
YKoord26=47.43483200
XKoord27=11.78913000
YKoord27=47.43457000
XKoord28=11.78958700
YKoord28=47.43443300
XKoord29=11.79025100
YKoord29=47.43470000
XKoord30=11.79063700
YKoord30=47.43497400
XKoord31=11.79251100
YKoord31=47.43530700
XKoord32=11.79362900
YKoord32=47.43537400
XKoord33=11.79390500
YKoord33=47.43533600
XKoord34=11.79387100
YKoord34=47.43555700
XKoord35=11.79328000
YKoord35=47.43579200
XKoord36=11.79238900
YKoord36=47.43562500
XKoord37=11.79169200
YKoord37=47.43561000
XKoord38=11.79065400
YKoord38=47.43617100
XKoord39=11.78917200
YKoord39=47.43623900
XKoord40=11.78877500
YKoord40=47.43662600
XKoord41=11.78779400
YKoord41=47.43652400
XKoord42=11.78771200
YKoord42=47.43671500
XKoord43=11.78804400
YKoord43=47.43686400
XKoord44=11.78842500
YKoord44=47.43704400
XKoord45=11.78855000
YKoord45=47.43764000
XKoord46=11.78899700
YKoord46=47.43804000
XKoord47=11.78907000
YKoord47=47.43854200
XKoord48=11.78910500
YKoord48=47.43920300
XKoord49=11.78872600
YKoord49=47.43993600
XKoord50=11.78851900
YKoord50=47.44041400
XKoord51=11.78847600
YKoord51=47.44136000
XKoord52=11.78827600
YKoord52=47.44196300
XKoord53=11.78820600
YKoord53=47.44240600
XKoord54=11.78889000
YKoord54=47.44305100
XKoord55=11.78974800
YKoord55=47.44347100
XKoord56=11.79113400
YKoord56=47.44334200
XKoord57=11.79149200
YKoord57=47.44308200
XKoord58=11.79190800
YKoord58=47.44304000
XKoord59=11.79252200
YKoord59=47.44324600
XKoord60=11.79310000
YKoord60=47.44364100
XKoord61=11.79354300
YKoord61=47.44410300
XKoord62=11.79383400
YKoord62=47.44434700
XKoord63=11.79432300
YKoord63=47.44657200
XKoord64=11.79383300
YKoord64=47.44696200
XKoord65=11.79310800
YKoord65=47.44729400
XKoord66=11.79266000
YKoord66=47.44847100
XKoord67=11.79204200
YKoord67=47.44908400
XKoord68=11.79241300
YKoord68=47.44995700
XKoord69=11.79293600
YKoord69=47.45211800
XKoord70=11.79357100
YKoord70=47.45358300
XKoord71=11.79353000
YKoord71=47.45456100
XKoord72=11.79378200
YKoord72=47.45581400
XKoord73=11.79429800
YKoord73=47.45677800
XKoord74=11.79476000
YKoord74=47.45761700
XKoord75=11.79448800
YKoord75=47.45775000
XKoord76=11.79411700
YKoord76=47.45775900
XKoord77=11.79374600
YKoord77=47.45776800
XKoord78=11.79327600
YKoord78=47.45765300
XKoord79=11.79309000
YKoord79=47.45765800
[Symbol 2]
Typ=6
Group=2
Width=20
Height=20
Dir=100
Art=1
Col=2
Zoom=1
Size=102
Area=2
XKoord=11.79817000
YKoord=47.41841200
[Overlay]
Symbols=2
[MapLage]
MapName=ÖK50-West
DimmFc=100
ZoomFc=100
CenterLat=47.41841200
CenterLong=11.79817000
RefOn=1
RefLat=47.41841200
RefLong=11.79817000
