[Symbol 1]
Typ=3
Group=1
Col=8
Zoom=1
Size=105
Art=1
Punkte=36
XKoord0=11.62469500
YKoord0=47.21074700
XKoord1=11.62496300
YKoord1=47.20880600
XKoord2=11.62546500
YKoord2=47.20827700
XKoord3=11.62593200
YKoord3=47.20791300
XKoord4=11.62645800
YKoord4=47.20720300
XKoord5=11.62710500
YKoord5=47.20626600
XKoord6=11.62759500
YKoord6=47.20614200
XKoord7=11.62799500
YKoord7=47.20603700
XKoord8=11.62921300
YKoord8=47.20528900
XKoord9=11.62997400
YKoord9=47.20466400
XKoord10=11.63171000
YKoord10=47.20437700
XKoord11=11.63256000
YKoord11=47.20354700
XKoord12=11.63383700
YKoord12=47.20133600
XKoord13=11.63513200
YKoord13=47.20015800
XKoord14=11.63563800
YKoord14=47.19837000
XKoord15=11.63653600
YKoord15=47.19717900
XKoord16=11.63743900
YKoord16=47.19675300
XKoord17=11.63835900
YKoord17=47.19468500
XKoord18=11.63798400
YKoord18=47.19300500
XKoord19=11.63873400
YKoord19=47.19239300
XKoord20=11.64009900
YKoord20=47.19195700
XKoord21=11.64047800
YKoord21=47.19163300
XKoord22=11.64211900
YKoord22=47.19011000
XKoord23=11.64375100
YKoord23=47.18840800
XKoord24=11.64540500
YKoord24=47.18715500
XKoord25=11.64825200
YKoord25=47.18600900
XKoord26=11.65077600
YKoord26=47.18500600
XKoord27=11.65173500
YKoord27=47.18570300
XKoord28=11.65459200
YKoord28=47.18608700
XKoord29=11.65889800
YKoord29=47.18508700
XKoord30=11.66230700
YKoord30=47.18595300
XKoord31=11.66405100
YKoord31=47.18649700
XKoord32=11.66461000
YKoord32=47.18711400
XKoord33=11.66543200
YKoord33=47.18772500
XKoord34=11.66624800
YKoord34=47.18820100
XKoord35=11.66525300
YKoord35=47.19074400
[Overlay]
Symbols=1
[MapLage]
MapName=ÖK50-West
DimmFc=100
ZoomFc=100
CenterLat=47.21074700
CenterLong=11.62469500
RefOn=1
RefLat=47.21074700
RefLong=11.62469500
