[Symbol 1]
Typ=3
Group=1
Col=8
Zoom=1
Size=105
Art=1
Punkte=60
XKoord0=11.62469500
YKoord0=47.21074700
XKoord1=11.62496300
YKoord1=47.20880600
XKoord2=11.62546500
YKoord2=47.20827700
XKoord3=11.62593200
YKoord3=47.20791300
XKoord4=11.62645800
YKoord4=47.20720300
XKoord5=11.62710500
YKoord5=47.20626600
XKoord6=11.62759500
YKoord6=47.20614200
XKoord7=11.62799500
YKoord7=47.20603700
XKoord8=11.62921300
YKoord8=47.20528900
XKoord9=11.62997400
YKoord9=47.20466400
XKoord10=11.63171000
YKoord10=47.20437700
XKoord11=11.63256000
YKoord11=47.20354700
XKoord12=11.63383700
YKoord12=47.20133600
XKoord13=11.63513200
YKoord13=47.20015800
XKoord14=11.63563800
YKoord14=47.19837000
XKoord15=11.63653600
YKoord15=47.19717900
XKoord16=11.63743900
YKoord16=47.19675300
XKoord17=11.63835900
YKoord17=47.19468500
XKoord18=11.63798400
YKoord18=47.19300500
XKoord19=11.63765300
YKoord19=47.19231500
XKoord20=11.63736700
YKoord20=47.19187200
XKoord21=11.63789800
YKoord21=47.19060000
XKoord22=11.63900400
YKoord22=47.19028200
XKoord23=11.64024600
YKoord23=47.18937600
XKoord24=11.64078700
YKoord24=47.18895800
XKoord25=11.64118100
YKoord25=47.18759900
XKoord26=11.64146500
YKoord26=47.18667000
XKoord27=11.64172000
YKoord27=47.18551600
XKoord28=11.64170200
YKoord28=47.18515700
XKoord29=11.64087800
YKoord29=47.18582800
XKoord30=11.64032000
YKoord30=47.18455900
XKoord31=11.63935700
YKoord31=47.18512100
XKoord32=11.63847700
YKoord32=47.18466900
XKoord33=11.63777100
YKoord33=47.18441500
XKoord34=11.63726300
YKoord34=47.18280700
XKoord35=11.63825600
YKoord35=47.18154600
XKoord36=11.63889300
YKoord36=47.18040700
XKoord37=11.63811800
YKoord37=47.17876000
XKoord38=11.63760800
YKoord38=47.17748800
XKoord39=11.63753500
YKoord39=47.17668000
XKoord40=11.63674200
YKoord40=47.17597900
XKoord41=11.63681900
YKoord41=47.17487400
XKoord42=11.63891200
YKoord42=47.17250900
XKoord43=11.63906500
YKoord43=47.17225800
XKoord44=11.63814300
YKoord44=47.17097400
XKoord45=11.63771600
YKoord45=47.17033200
XKoord46=11.63838600
YKoord46=47.16921400
XKoord47=11.63964700
YKoord47=47.16936500
XKoord48=11.64241100
YKoord48=47.16994400
XKoord49=11.64369200
YKoord49=47.17049900
XKoord50=11.64578200
YKoord50=47.17139600
XKoord51=11.65035800
YKoord51=47.17318000
XKoord52=11.65398100
YKoord52=47.17570600
XKoord53=11.65605600
YKoord53=47.17655800
XKoord54=11.65943200
YKoord54=47.17675000
XKoord55=11.66243600
YKoord55=47.17744500
XKoord56=11.66601800
YKoord56=47.17781200
XKoord57=11.66772400
YKoord57=47.17894200
XKoord58=11.66984900
YKoord58=47.17920700
XKoord59=11.67249400
YKoord59=47.18035900
[Overlay]
Symbols=1
[MapLage]
MapName=ÖK50-West
DimmFc=100
ZoomFc=100
CenterLat=47.21074700
CenterLong=11.62469500
RefOn=1
RefLat=47.21074700
RefLong=11.62469500
