[Symbol 1]
Typ=3
Group=1
Col=8
Zoom=1
Size=105
Art=1
Punkte=40
XKoord0=12.30484100
YKoord0=47.37466200
XKoord1=12.30421500
YKoord1=47.37418500
XKoord2=12.30368800
YKoord2=47.37422200
XKoord3=12.30199400
YKoord3=47.37361900
XKoord4=12.30112300
YKoord4=47.37346400
XKoord5=12.30023900
YKoord5=47.37362400
XKoord6=12.29980600
YKoord6=47.37410900
XKoord7=12.29997700
YKoord7=47.37473400
XKoord8=12.30004800
YKoord8=47.37534000
XKoord9=12.29945800
YKoord9=47.37544700
XKoord10=12.29911000
YKoord10=47.37570400
XKoord11=12.29826000
YKoord11=47.37694400
XKoord12=12.29738300
YKoord12=47.37721700
XKoord13=12.29642500
YKoord13=47.37778400
XKoord14=12.29467900
YKoord14=47.37846400
XKoord15=12.29350200
YKoord15=47.37818300
XKoord16=12.29278100
YKoord16=47.37777600
XKoord17=12.29268100
YKoord17=47.37829700
XKoord18=12.29257900
YKoord18=47.37985200
XKoord19=12.29175200
YKoord19=47.38093300
XKoord20=12.28947500
YKoord20=47.38106600
XKoord21=12.28824000
YKoord21=47.38092200
XKoord22=12.28600800
YKoord22=47.37987200
XKoord23=12.28453800
YKoord23=47.37861000
XKoord24=12.28270700
YKoord24=47.37792000
XKoord25=12.28144800
YKoord25=47.37685300
XKoord26=12.28075200
YKoord26=47.37631100
XKoord27=12.27966600
YKoord27=47.37589200
XKoord28=12.27939200
YKoord28=47.37574200
XKoord29=12.27796300
YKoord29=47.37567100
XKoord30=12.27723800
YKoord30=47.37519700
XKoord31=12.27601200
YKoord31=47.37518700
XKoord32=12.27303500
YKoord32=47.37684700
XKoord33=12.27163600
YKoord33=47.37672900
XKoord34=12.27114300
YKoord34=47.37678800
XKoord35=12.27005400
YKoord35=47.37792200
XKoord36=12.26854700
YKoord36=47.37800200
XKoord37=12.26712500
YKoord37=47.37804300
XKoord38=12.26685200
YKoord38=47.37791600
XKoord39=12.26636100
YKoord39=47.37799700
[Overlay]
Symbols=1
[MapLage]
MapName=ÖK50-West
DimmFc=100
ZoomFc=100
CenterLat=47.37466200
CenterLong=12.30484100
RefOn=1
RefLat=47.37466200
RefLong=12.30484100
