[Symbol 1]
Typ=3
Group=1
Col=8
Zoom=1
Size=105
Art=1
Punkte=49
XKoord0=12.30515000
YKoord0=47.37515400
XKoord1=12.30442600
YKoord1=47.37416300
XKoord2=12.30369600
YKoord2=47.37362100
XKoord3=12.30255600
YKoord3=47.37286700
XKoord4=12.30000700
YKoord4=47.37235500
XKoord5=12.30032200
YKoord5=47.37155900
XKoord6=12.29950000
YKoord6=47.37059200
XKoord7=12.29943200
YKoord7=47.37003200
XKoord8=12.29894500
YKoord8=47.36966300
XKoord9=12.29857900
YKoord9=47.36911100
XKoord10=12.29492800
YKoord10=47.36737200
XKoord11=12.29434500
YKoord11=47.36705100
XKoord12=12.29262900
YKoord12=47.36503000
XKoord13=12.29169300
YKoord13=47.36436000
XKoord14=12.29182400
YKoord14=47.36379400
XKoord15=12.29365400
YKoord15=47.36234600
XKoord16=12.29734600
YKoord16=47.36208200
XKoord17=12.29736800
YKoord17=47.36084400
XKoord18=12.29741000
YKoord18=47.35992100
XKoord19=12.29708200
YKoord19=47.35943500
XKoord20=12.29710700
YKoord20=47.35878200
XKoord21=12.29687900
YKoord21=47.35750500
XKoord22=12.29672500
YKoord22=47.35715000
XKoord23=12.29698100
YKoord23=47.35649000
XKoord24=12.29878000
YKoord24=47.35560600
XKoord25=12.30000100
YKoord25=47.35446800
XKoord26=12.30061400
YKoord26=47.35368500
XKoord27=12.29997300
YKoord27=47.35350100
XKoord28=12.30034300
YKoord28=47.35306300
XKoord29=12.30195600
YKoord29=47.35078900
XKoord30=12.30376600
YKoord30=47.34902700
XKoord31=12.30547700
YKoord31=47.34726800
XKoord32=12.30720700
YKoord32=47.34547100
XKoord33=12.30842000
YKoord33=47.34368100
XKoord34=12.30717100
YKoord34=47.34065800
XKoord35=12.30663600
YKoord35=47.33913400
XKoord36=12.30692400
YKoord36=47.33845100
XKoord37=12.30673100
YKoord37=47.33800700
XKoord38=12.30463500
YKoord38=47.33821100
XKoord39=12.30295000
YKoord39=47.33772000
XKoord40=12.30294100
YKoord40=47.33667600
XKoord41=12.30314300
YKoord41=47.33550900
XKoord42=12.30268700
YKoord42=47.33457700
XKoord43=12.30223700
YKoord43=47.33388400
XKoord44=12.30015600
YKoord44=47.33325500
XKoord45=12.29825300
YKoord45=47.33245500
XKoord46=12.29759800
YKoord46=47.33256400
XKoord47=12.29685100
YKoord47=47.33295900
XKoord48=12.29653400
YKoord48=47.33317100
[Overlay]
Symbols=1
[MapLage]
MapName=ÖK50-West
DimmFc=100
ZoomFc=100
CenterLat=47.37515400
CenterLong=12.30515000
RefOn=1
RefLat=47.37515400
RefLong=12.30515000
