[Symbol 1]
Typ=3
Group=1
Col=8
Zoom=1
Size=105
Art=1
Punkte=78
XKoord0=12.30550800
YKoord0=47.37594500
XKoord1=12.30440700
YKoord1=47.37422200
XKoord2=12.30334500
YKoord2=47.37312800
XKoord3=12.29984500
YKoord3=47.37223900
XKoord4=12.29985800
YKoord4=47.37138400
XKoord5=12.29939700
YKoord5=47.37036200
XKoord6=12.29895800
YKoord6=47.36970000
XKoord7=12.29827400
YKoord7=47.36936000
XKoord8=12.29770300
YKoord8=47.36870100
XKoord9=12.29337900
YKoord9=47.36626100
XKoord10=12.29263600
YKoord10=47.36497700
XKoord11=12.29152300
YKoord11=47.36410900
XKoord12=12.29088500
YKoord12=47.36237300
XKoord13=12.29068600
YKoord13=47.35918400
XKoord14=12.28990000
YKoord14=47.35826100
XKoord15=12.28891000
YKoord15=47.35723200
XKoord16=12.28858400
YKoord16=47.35625200
XKoord17=12.28865500
YKoord17=47.35526000
XKoord18=12.28762400
YKoord18=47.35466000
XKoord19=12.28705400
YKoord19=47.35400100
XKoord20=12.28622400
YKoord20=47.35344000
XKoord21=12.28589600
YKoord21=47.35241400
XKoord22=12.28657800
YKoord22=47.35167500
XKoord23=12.28676200
YKoord23=47.35036500
XKoord24=12.28678600
YKoord24=47.34968900
XKoord25=12.28676100
YKoord25=47.34928500
XKoord26=12.28609900
YKoord26=47.34822400
XKoord27=12.28579300
YKoord27=47.34755800
XKoord28=12.28505200
YKoord28=47.34735400
XKoord29=12.28484100
YKoord29=47.34610000
XKoord30=12.28457300
YKoord30=47.34498300
XKoord31=12.28405200
YKoord31=47.34405300
XKoord32=12.28395800
YKoord32=47.34360500
XKoord33=12.28393300
YKoord33=47.34320100
XKoord34=12.28403500
YKoord34=47.34270300
XKoord35=12.28274800
YKoord35=47.34224500
XKoord36=12.28238700
YKoord36=47.34176100
XKoord37=12.28228500
YKoord37=47.34117900
XKoord38=12.28113300
YKoord38=47.33968200
XKoord39=12.28090100
YKoord39=47.33914800
XKoord40=12.28058100
YKoord40=47.33825800
XKoord41=12.28023100
YKoord41=47.33795300
XKoord42=12.27987600
YKoord42=47.33755800
XKoord43=12.27911900
YKoord43=47.33708500
XKoord44=12.27870300
YKoord44=47.33678200
XKoord45=12.27907000
YKoord45=47.33524100
XKoord46=12.27861000
YKoord46=47.33421900
XKoord47=12.27855200
YKoord47=47.33327600
XKoord48=12.27815400
YKoord48=47.33220800
XKoord49=12.27775200
YKoord49=47.33104900
XKoord50=12.27751200
YKoord50=47.33038100
XKoord51=12.27785300
YKoord51=47.32947100
XKoord52=12.27775300
YKoord52=47.32893400
XKoord53=12.27752400
YKoord53=47.32844600
XKoord54=12.27759800
YKoord54=47.32749900
XKoord55=12.27798100
YKoord55=47.32726300
XKoord56=12.27720700
YKoord56=47.32652000
XKoord57=12.27641100
YKoord57=47.32649800
XKoord58=12.27639200
YKoord58=47.32618300
XKoord59=12.27644100
YKoord59=47.32591200
XKoord60=12.27546900
YKoord60=47.32517500
XKoord61=12.27530100
YKoord61=47.32459500
XKoord62=12.27588700
YKoord62=47.32444300
XKoord63=12.27477700
YKoord63=47.32362000
XKoord64=12.27393700
YKoord64=47.32224700
XKoord65=12.27389800
YKoord65=47.32161800
XKoord66=12.27442700
YKoord66=47.32160300
XKoord67=12.27510400
YKoord67=47.32185400
XKoord68=12.27612200
YKoord68=47.32119500
XKoord69=12.27665800
YKoord69=47.32023400
XKoord70=12.27861200
YKoord70=47.31972800
XKoord71=12.28018800
YKoord71=47.31846800
XKoord72=12.28061200
YKoord72=47.31782600
XKoord73=12.28055900
YKoord73=47.31697300
XKoord74=12.28047200
YKoord74=47.31558000
XKoord75=12.28002900
YKoord75=47.31482800
XKoord76=12.27964800
YKoord76=47.31402900
XKoord77=12.27940600
YKoord77=47.31331600
[Overlay]
Symbols=1
[MapLage]
MapName=ÖK50-West
DimmFc=100
ZoomFc=100
CenterLat=47.37594500
CenterLong=12.30550800
RefOn=1
RefLat=47.37594500
RefLong=12.30550800
