[Symbol 1]
Typ=3
Group=1
Col=8
Zoom=1
Size=105
Art=1
Punkte=51
XKoord0=12.30697400
YKoord0=47.39505300
XKoord1=12.30614100
YKoord1=47.39444700
XKoord2=12.30414400
YKoord2=47.39324500
XKoord3=12.30229400
YKoord3=47.39280300
XKoord4=12.30077300
YKoord4=47.39178900
XKoord5=12.30010500
YKoord5=47.39169600
XKoord6=12.29937000
YKoord6=47.39106500
XKoord7=12.29803600
YKoord7=47.39092300
XKoord8=12.29772400
YKoord8=47.39070700
XKoord9=12.29747200
YKoord9=47.39091700
XKoord10=12.29690300
YKoord10=47.39082100
XKoord11=12.29657500
YKoord11=47.39087500
XKoord12=12.29479300
YKoord12=47.38993700
XKoord13=12.29464000
YKoord13=47.38960400
XKoord14=12.29434000
YKoord14=47.38956700
XKoord15=12.29409200
YKoord15=47.38984400
XKoord16=12.29341700
YKoord16=47.38963900
XKoord17=12.29242100
YKoord17=47.38908300
XKoord18=12.29163400
YKoord18=47.38921800
XKoord19=12.29090800
YKoord19=47.38926100
XKoord20=12.28772600
YKoord20=47.38924000
XKoord21=12.28697400
YKoord21=47.38885700
XKoord22=12.28661400
YKoord22=47.38733700
XKoord23=12.28574100
YKoord23=47.38662000
XKoord24=12.28467500
YKoord24=47.38705500
XKoord25=12.28301000
YKoord25=47.38744000
XKoord26=12.28240300
YKoord26=47.38727800
XKoord27=12.28141200
YKoord27=47.38687500
XKoord28=12.28094300
YKoord28=47.38625900
XKoord29=12.28058800
YKoord29=47.38640400
XKoord30=12.28005800
YKoord30=47.38587900
XKoord31=12.28002900
YKoord31=47.38646500
XKoord32=12.27871200
YKoord32=47.38607500
XKoord33=12.27824900
YKoord33=47.38608800
XKoord34=12.27836100
YKoord34=47.38628700
XKoord35=12.27734300
YKoord35=47.38588900
XKoord36=12.27665100
YKoord36=47.38541400
XKoord37=12.27629900
YKoord37=47.38562700
XKoord38=12.27641400
YKoord38=47.38580800
XKoord39=12.27636400
YKoord39=47.38607900
XKoord40=12.27618900
YKoord40=47.38646700
XKoord41=12.27531400
YKoord41=47.38730200
XKoord42=12.27500500
YKoord42=47.38713100
XKoord43=12.27470300
YKoord43=47.38707200
XKoord44=12.27426100
YKoord44=47.38688200
XKoord45=12.27342400
YKoord45=47.38620800
XKoord46=12.27225000
YKoord46=47.38597200
XKoord47=12.27134400
YKoord47=47.38579500
XKoord48=12.27074100
YKoord48=47.38567800
XKoord49=12.27048000
YKoord49=47.38575300
XKoord50=12.27027500
YKoord50=47.38570900
[Overlay]
Symbols=1
[MapLage]
MapName=ÖK50-West
DimmFc=100
ZoomFc=100
CenterLat=47.39505300
CenterLong=12.30697400
RefOn=1
RefLat=47.39505300
RefLong=12.30697400
