[Symbol 1]
Typ=3
Group=1
Col=8
Zoom=1
Size=105
Art=1
Punkte=62
XKoord0=12.30476800
YKoord0=47.37445300
XKoord1=12.30553600
YKoord1=47.37614100
XKoord2=12.30559400
YKoord2=47.37654400
XKoord3=12.30749800
YKoord3=47.37626400
XKoord4=12.31470900
YKoord4=47.37241100
XKoord5=12.31608800
YKoord5=47.37169600
XKoord6=12.31615700
YKoord6=47.37068100
XKoord7=12.31851300
YKoord7=47.36917300
XKoord8=12.32017400
YKoord8=47.36889900
XKoord9=12.32087200
YKoord9=47.36788800
XKoord10=12.32172800
YKoord10=47.36622100
XKoord11=12.32203800
YKoord11=47.36484000
XKoord12=12.32305600
YKoord12=47.36312300
XKoord13=12.32273700
YKoord13=47.36225500
XKoord14=12.32449000
YKoord14=47.36170900
XKoord15=12.32562100
YKoord15=47.36073100
XKoord16=12.32590600
YKoord16=47.36000300
XKoord17=12.32596800
YKoord17=47.35811200
XKoord18=12.32669000
YKoord18=47.35748400
XKoord19=12.32700000
YKoord19=47.35662000
XKoord20=12.32695000
YKoord20=47.35635100
XKoord21=12.32769600
YKoord21=47.35558700
XKoord22=12.32791700
YKoord22=47.35436600
XKoord23=12.32770100
YKoord23=47.35356200
XKoord24=12.32807600
YKoord24=47.35267400
XKoord25=12.32879200
YKoord25=47.35195500
XKoord26=12.32927500
YKoord26=47.35016400
XKoord27=12.32967600
YKoord27=47.34864500
XKoord28=12.32958400
YKoord28=47.34770300
XKoord29=12.32958000
YKoord29=47.34464200
XKoord30=12.32998700
YKoord30=47.34427000
XKoord31=12.33002300
YKoord31=47.34379700
XKoord32=12.32993900
YKoord32=47.34298900
XKoord33=12.32892900
YKoord33=47.34061100
XKoord34=12.32901600
YKoord34=47.33988900
XKoord35=12.32884200
YKoord35=47.33870200
XKoord36=12.32821400
YKoord36=47.33766200
XKoord37=12.32777000
YKoord37=47.33691000
XKoord38=12.32862300
YKoord38=47.33619200
XKoord39=12.32797200
YKoord39=47.33531100
XKoord40=12.32654600
YKoord40=47.33368800
XKoord41=12.32556100
YKoord41=47.33215900
XKoord42=12.32509700
YKoord42=47.33163300
XKoord43=12.32384800
YKoord43=47.33018400
XKoord44=12.32275600
YKoord44=47.32913600
XKoord45=12.32123600
YKoord45=47.32758200
XKoord46=12.32003600
YKoord46=47.32692000
XKoord47=12.31876400
YKoord47=47.32562900
XKoord48=12.31664800
YKoord48=47.32512800
XKoord49=12.31596400
YKoord49=47.32530500
XKoord50=12.31345400
YKoord50=47.32429600
XKoord51=12.31203100
YKoord51=47.32483200
XKoord52=12.31193200
YKoord52=47.32535300
XKoord53=12.31150200
YKoord53=47.32588300
XKoord54=12.31077500
YKoord54=47.32696100
XKoord55=12.30867000
YKoord55=47.32769700
XKoord56=12.30723000
YKoord56=47.32857800
XKoord57=12.30647700
YKoord57=47.32922900
XKoord58=12.30617200
YKoord58=47.32964300
XKoord59=12.30586100
YKoord59=47.32996700
XKoord60=12.30510200
YKoord60=47.33043200
XKoord61=12.30500900
YKoord61=47.33054700
[Overlay]
Symbols=1
[MapLage]
MapName=ÖK50-West
DimmFc=100
ZoomFc=100
CenterLat=47.37445300
CenterLong=12.30476800
RefOn=1
RefLat=47.37445300
RefLong=12.30476800
