[Symbol 1]
Typ=3
Group=1
Col=8
Zoom=1
Size=105
Art=1
Punkte=58
XKoord0=12.30478300
YKoord0=47.37450200
XKoord1=12.30587800
YKoord1=47.37665300
XKoord2=12.30799200
YKoord2=47.37603000
XKoord3=12.31392100
YKoord3=47.37286600
XKoord4=12.31597400
YKoord4=47.37179400
XKoord5=12.31633000
YKoord5=47.37061400
XKoord6=12.31752400
YKoord6=47.36958900
XKoord7=12.32038000
YKoord7=47.36865200
XKoord8=12.32099300
YKoord8=47.36735100
XKoord9=12.32106400
YKoord9=47.36689900
XKoord10=12.31977000
YKoord10=47.36684700
XKoord11=12.32054900
YKoord11=47.36554200
XKoord12=12.32053100
YKoord12=47.36473200
XKoord13=12.32118100
YKoord13=47.36322600
XKoord14=12.32009300
YKoord14=47.36384300
XKoord15=12.31965200
YKoord15=47.36419300
XKoord16=12.31911500
YKoord16=47.36461300
XKoord17=12.31881600
YKoord17=47.36460000
XKoord18=12.31955000
YKoord18=47.36309300
XKoord19=12.31973700
YKoord19=47.36239100
XKoord20=12.31917800
YKoord20=47.36296900
XKoord21=12.31876600
YKoord21=47.36327400
XKoord22=12.31792900
YKoord22=47.36365800
XKoord23=12.31820800
YKoord23=47.36281700
XKoord24=12.31798000
YKoord24=47.36235100
XKoord25=12.31790500
YKoord25=47.36221900
XKoord26=12.31728900
YKoord26=47.36295600
XKoord27=12.31705000
YKoord27=47.36282800
XKoord28=12.31714900
YKoord28=47.36230800
XKoord29=12.31690500
YKoord29=47.36211300
XKoord30=12.31585800
YKoord30=47.36335800
XKoord31=12.31652600
YKoord31=47.36187600
XKoord32=12.31637700
YKoord32=47.36161000
XKoord33=12.31612000
YKoord33=47.36173000
XKoord34=12.31551100
YKoord34=47.36258000
XKoord35=12.31510600
YKoord35=47.36299700
XKoord36=12.31482600
YKoord36=47.36327500
XKoord37=12.31513000
YKoord37=47.36232200
XKoord38=12.31537700
YKoord38=47.36150400
XKoord39=12.31527100
YKoord39=47.36139500
XKoord40=12.31452400
YKoord40=47.36215900
XKoord41=12.31395200
YKoord41=47.36253600
XKoord42=12.31144600
YKoord42=47.36323800
XKoord43=12.30883800
YKoord43=47.36391400
XKoord44=12.30880200
YKoord44=47.36227200
XKoord45=12.30810500
YKoord45=47.36173000
XKoord46=12.30702000
YKoord46=47.36185100
XKoord47=12.30652900
YKoord47=47.36247300
XKoord48=12.30564200
YKoord48=47.36258900
XKoord49=12.30514000
YKoord49=47.36197300
XKoord50=12.30526200
YKoord50=47.36127200
XKoord51=12.30526200
YKoord51=47.36021500
XKoord52=12.30551100
YKoord52=47.35942000
XKoord53=12.30563800
YKoord53=47.35879400
XKoord54=12.30586000
YKoord54=47.35812800
XKoord55=12.30610900
YKoord55=47.35787300
XKoord56=12.30657700
YKoord56=47.35741000
XKoord57=12.30714700
YKoord57=47.35752800
[Overlay]
Symbols=1
[MapLage]
MapName=ÖK50-West
DimmFc=100
ZoomFc=100
CenterLat=47.37450200
CenterLong=12.30478300
RefOn=1
RefLat=47.37450200
RefLong=12.30478300
