[Symbol 1]
Typ=3
Group=1
Col=8
Zoom=1
Size=105
Art=1
Punkte=42
XKoord0=11.69635600
YKoord0=47.51446400
XKoord1=11.69524900
YKoord1=47.51489500
XKoord2=11.69325400
YKoord2=47.51485200
XKoord3=11.69258200
YKoord3=47.51468800
XKoord4=11.68923600
YKoord4=47.51548600
XKoord5=11.68759800
YKoord5=47.51593000
XKoord6=11.68706000
YKoord6=47.51580700
XKoord7=11.68362700
YKoord7=47.51620300
XKoord8=11.68185400
YKoord8=47.51660400
XKoord9=11.68078800
YKoord9=47.51653900
XKoord10=11.67980200
YKoord10=47.51674200
XKoord11=11.67832700
YKoord11=47.51646200
XKoord12=11.67608500
YKoord12=47.51678400
XKoord13=11.67527500
YKoord13=47.51653300
XKoord14=11.67136800
YKoord14=47.51675900
XKoord15=11.67010100
YKoord15=47.51665400
XKoord16=11.66789800
YKoord16=47.51774000
XKoord17=11.66586900
YKoord17=47.51832700
XKoord18=11.66395200
YKoord18=47.51850700
XKoord19=11.66091200
YKoord19=47.51749700
XKoord20=11.66046800
YKoord20=47.51791300
XKoord21=11.66110800
YKoord21=47.51875300
XKoord22=11.66016600
YKoord22=47.51850400
XKoord23=11.65919600
YKoord23=47.51902200
XKoord24=11.65453500
YKoord24=47.52012000
XKoord25=11.65482000
YKoord25=47.51786400
XKoord26=11.65472800
YKoord26=47.51737100
XKoord27=11.65451800
YKoord27=47.51715100
XKoord28=11.65410900
YKoord28=47.51693500
XKoord29=11.65343600
YKoord29=47.51677100
XKoord30=11.65270000
YKoord30=47.51665300
XKoord31=11.65064500
YKoord31=47.51674500
XKoord32=11.64912000
YKoord32=47.51678100
XKoord33=11.64740400
YKoord33=47.51700000
XKoord34=11.64554400
YKoord34=47.51699800
XKoord35=11.64225300
YKoord35=47.51626400
XKoord36=11.64024700
YKoord36=47.51599600
XKoord37=11.63830500
YKoord37=47.51568000
XKoord38=11.63742900
YKoord38=47.51543000
XKoord39=11.63733100
YKoord39=47.51480300
XKoord40=11.63729100
YKoord40=47.51399400
XKoord41=11.63774800
YKoord41=47.51374900
[Overlay]
Symbols=1
[MapLage]
MapName=Top. Karte 1:50000 Bayern (Süd)
DimmFc=100
ZoomFc=100
CenterLat=47.51446400
CenterLong=11.69635600
RefOn=1
RefLat=47.51446400
RefLong=11.69635600
