[Symbol 1]
Typ=3
Group=1
Col=8
Zoom=1
Size=105
Art=1
Punkte=34
XKoord0=11.69933100
YKoord0=47.54526100
XKoord1=11.69816300
YKoord1=47.54452400
XKoord2=11.69796200
YKoord2=47.54448400
XKoord3=11.69668900
YKoord3=47.54428900
XKoord4=11.69580100
YKoord4=47.54381400
XKoord5=11.69515300
YKoord5=47.54284000
XKoord6=11.69518700
YKoord6=47.54220900
XKoord7=11.69359400
YKoord7=47.54094200
XKoord8=11.69268500
YKoord8=47.54006300
XKoord9=11.69193200
YKoord9=47.53963100
XKoord10=11.69046700
YKoord10=47.53957500
XKoord11=11.68979900
YKoord11=47.53950100
XKoord12=11.68869600
YKoord12=47.53871700
XKoord13=11.68710500
YKoord13=47.53879900
XKoord14=11.68590900
YKoord14=47.53878200
XKoord15=11.68466600
YKoord15=47.53786700
XKoord16=11.68242100
YKoord16=47.53683900
XKoord17=11.68047600
YKoord17=47.53648000
XKoord18=11.67758500
YKoord18=47.53713200
XKoord19=11.67518000
YKoord19=47.53817800
XKoord20=11.67412300
YKoord20=47.53829300
XKoord21=11.67161900
YKoord21=47.53871100
XKoord22=11.66705600
YKoord22=47.53913300
XKoord23=11.66440800
YKoord23=47.53932900
XKoord24=11.66282000
YKoord24=47.53945600
XKoord25=11.65957700
YKoord25=47.53971100
XKoord26=11.65806900
YKoord26=47.53880200
XKoord27=11.65796200
YKoord27=47.53752800
XKoord28=11.65748200
YKoord28=47.53591900
XKoord29=11.65569300
YKoord29=47.53339600
XKoord30=11.65404000
YKoord30=47.53091400
XKoord31=11.65284400
YKoord31=47.52959200
XKoord32=11.65200700
YKoord32=47.52880200
XKoord33=11.65010800
YKoord33=47.52803600
[Symbol 2]
Typ=6
Group=2
Width=20
Height=20
Dir=100
Art=1
Col=2
Zoom=1
Size=102
Area=2
XKoord=11.69933100
YKoord=47.54526100
[Overlay]
Symbols=2
[MapLage]
MapName=Top. Karte 1:50000 Bayern (Süd)
DimmFc=100
ZoomFc=100
CenterLat=47.54526100
CenterLong=11.69933100
RefOn=1
RefLat=47.54526100
RefLong=11.69933100
