[Symbol 1]
Typ=3
Group=1
Col=8
Zoom=1
Size=105
Art=1
Punkte=50
XKoord0=11.69933100
YKoord0=47.54526100
XKoord1=11.69816300
YKoord1=47.54452400
XKoord2=11.69796200
YKoord2=47.54448400
XKoord3=11.69668900
YKoord3=47.54428900
XKoord4=11.69580100
YKoord4=47.54381400
XKoord5=11.69515300
YKoord5=47.54284000
XKoord6=11.69518700
YKoord6=47.54220900
XKoord7=11.69359400
YKoord7=47.54094200
XKoord8=11.69268500
YKoord8=47.54006300
XKoord9=11.69193200
YKoord9=47.53963100
XKoord10=11.69046700
YKoord10=47.53957500
XKoord11=11.68979900
YKoord11=47.53950100
XKoord12=11.68869600
YKoord12=47.53871700
XKoord13=11.68710500
YKoord13=47.53879900
XKoord14=11.68590900
YKoord14=47.53878200
XKoord15=11.68466600
YKoord15=47.53786700
XKoord16=11.68242100
YKoord16=47.53683900
XKoord17=11.68047600
YKoord17=47.53648000
XKoord18=11.67758500
YKoord18=47.53713200
XKoord19=11.67518000
YKoord19=47.53817800
XKoord20=11.67412300
YKoord20=47.53829300
XKoord21=11.67161900
YKoord21=47.53871100
XKoord22=11.66705600
YKoord22=47.53913300
XKoord23=11.66440800
YKoord23=47.53932900
XKoord24=11.66282000
YKoord24=47.53945600
XKoord25=11.65957700
YKoord25=47.53971100
XKoord26=11.65806900
YKoord26=47.53880200
XKoord27=11.65739400
YKoord27=47.53859200
XKoord28=11.65646100
YKoord28=47.53721900
XKoord29=11.65294000
YKoord29=47.53460100
XKoord30=11.65215400
YKoord30=47.53349400
XKoord31=11.64920100
YKoord31=47.53158300
XKoord32=11.64772300
YKoord32=47.53125700
XKoord33=11.64578900
YKoord33=47.53112200
XKoord34=11.64502200
YKoord34=47.53172400
XKoord35=11.64286900
YKoord35=47.53249400
XKoord36=11.64158700
YKoord36=47.53342300
XKoord37=11.64050600
YKoord37=47.53439300
XKoord38=11.63922800
YKoord38=47.53541300
XKoord39=11.63527800
YKoord39=47.53613300
XKoord40=11.63353300
YKoord40=47.53711800
XKoord41=11.63224700
YKoord41=47.53795800
XKoord42=11.63068800
YKoord42=47.53866800
XKoord43=11.62896900
YKoord43=47.53884300
XKoord44=11.62751300
YKoord44=47.53896600
XKoord45=11.62711100
YKoord45=47.54023500
XKoord46=11.62592700
YKoord46=47.54179200
XKoord47=11.62529700
YKoord47=47.54248200
XKoord48=11.62539500
YKoord48=47.54310900
XKoord49=11.62589700
YKoord49=47.54386300
[Symbol 2]
Typ=6
Group=2
Width=20
Height=20
Dir=100
Art=1
Col=2
Zoom=1
Size=102
Area=2
XKoord=11.69933100
YKoord=47.54526100
[Overlay]
Symbols=2
[MapLage]
MapName=Top. Karte 1:50000 Bayern (Süd)
DimmFc=100
ZoomFc=100
CenterLat=47.54526100
CenterLong=11.69933100
RefOn=1
RefLat=47.54526100
RefLong=11.69933100
