[Symbol 1]
Typ=3
Group=1
Col=8
Zoom=1
Size=105
Art=1
Punkte=36
XKoord0=11.95449300
YKoord0=47.36580600
XKoord1=11.95339000
YKoord1=47.36503600
XKoord2=11.95313100
YKoord2=47.36425500
XKoord3=11.95280800
YKoord3=47.36380300
XKoord4=11.95138200
YKoord4=47.36259100
XKoord5=11.95106100
YKoord5=47.36099000
XKoord6=11.95028300
YKoord6=47.35611600
XKoord7=11.95045900
YKoord7=47.35451400
XKoord8=11.95031900
YKoord8=47.35409100
XKoord9=11.94965300
YKoord9=47.35372500
XKoord10=11.94874600
YKoord10=47.35200500
XKoord11=11.94796100
YKoord11=47.35117700
XKoord12=11.94846600
YKoord12=47.34984800
XKoord13=11.94744700
YKoord13=47.34818700
XKoord14=11.94807700
YKoord14=47.34703500
XKoord15=11.94742200
YKoord15=47.34596100
XKoord16=11.94800100
YKoord16=47.34418000
XKoord17=11.94999200
YKoord17=47.34279000
XKoord18=11.95212400
YKoord18=47.34183500
XKoord19=11.95562900
YKoord19=47.34038300
XKoord20=11.95771200
YKoord20=47.34014700
XKoord21=11.95982600
YKoord21=47.33887700
XKoord22=11.96202000
YKoord22=47.33787500
XKoord23=11.96281500
YKoord23=47.33907000
XKoord24=11.96424800
YKoord24=47.34101300
XKoord25=11.96567400
YKoord25=47.34165100
XKoord26=11.96711500
YKoord26=47.34255800
XKoord27=11.96827400
YKoord27=47.34315800
XKoord28=11.96921200
YKoord28=47.34335900
XKoord29=11.97009400
YKoord29=47.34257100
XKoord30=11.97054500
YKoord30=47.34116400
XKoord31=11.97200200
YKoord31=47.34000200
XKoord32=11.97409500
YKoord32=47.33837200
XKoord33=11.97511700
YKoord33=47.33771600
XKoord34=11.97555200
YKoord34=47.33721000
XKoord35=11.97612900
YKoord35=47.33688000
[Overlay]
Symbols=1
[MapLage]
MapName=ÖK50-West
DimmFc=100
ZoomFc=100
CenterLat=47.36580600
CenterLong=11.95449300
RefOn=1
RefLat=47.36580600
RefLong=11.95449300
