[Symbol 1]
Typ=3
Group=1
Col=8
Zoom=1
Size=105
Art=1
Punkte=32
XKoord0=11.98035400
YKoord0=47.36602200
XKoord1=11.98068400
YKoord1=47.36555400
XKoord2=11.98006100
YKoord2=47.36507600
XKoord3=11.98107100
YKoord3=47.36419400
XKoord4=11.98191000
YKoord4=47.36381300
XKoord5=11.98159400
YKoord5=47.36360900
XKoord6=11.97913000
YKoord6=47.36394400
XKoord7=11.97888700
YKoord7=47.36374700
XKoord8=11.97729300
YKoord8=47.36462400
XKoord9=11.97580800
YKoord9=47.36529200
XKoord10=11.97497400
YKoord10=47.36459400
XKoord11=11.97467100
YKoord11=47.36392700
XKoord12=11.97555400
YKoord12=47.36313900
XKoord13=11.97590500
YKoord13=47.36232000
XKoord14=11.97603500
YKoord14=47.36110200
XKoord15=11.97526700
YKoord15=47.36040200
XKoord16=11.97099000
YKoord16=47.35731100
XKoord17=11.96896400
YKoord17=47.35542900
XKoord18=11.96656000
YKoord18=47.35287100
XKoord19=11.96590400
YKoord19=47.34942300
XKoord20=11.96630900
YKoord20=47.34720800
XKoord21=11.96774600
YKoord21=47.34568600
XKoord22=11.96864200
YKoord22=47.34395300
XKoord23=11.96965400
YKoord23=47.34294700
XKoord24=11.97028500
YKoord24=47.34239100
XKoord25=11.97054500
YKoord25=47.34112400
XKoord26=11.97162000
YKoord26=47.34024100
XKoord27=11.97274500
YKoord27=47.33921200
XKoord28=11.97369100
YKoord28=47.33837700
XKoord29=11.97432200
YKoord29=47.33782100
XKoord30=11.97481200
YKoord30=47.33713300
XKoord31=11.97606000
YKoord31=47.33679600
[Symbol 2]
Typ=6
Group=2
Width=20
Height=20
Dir=100
Art=1
Col=2
Zoom=1
Size=102
Area=2
XKoord=11.98042500
YKoord=47.36613600
[Overlay]
Symbols=2
[MapLage]
MapName=ÖK50-West
DimmFc=100
ZoomFc=100
CenterLat=47.36602200
CenterLong=11.98035400
RefOn=1
RefLat=47.36602200
RefLong=11.98035400
