[Symbol 1]
Typ=3
Group=1
Col=8
Zoom=1
Size=105
Art=1
Punkte=34
XKoord0=11.95449300
YKoord0=47.36580600
XKoord1=11.95339000
YKoord1=47.36503600
XKoord2=11.95313100
YKoord2=47.36425500
XKoord3=11.95280800
YKoord3=47.36380300
XKoord4=11.95138200
YKoord4=47.36259100
XKoord5=11.95106100
YKoord5=47.36099000
XKoord6=11.95028300
YKoord6=47.35611600
XKoord7=11.95045900
YKoord7=47.35451400
XKoord8=11.95031900
YKoord8=47.35409100
XKoord9=11.94965300
YKoord9=47.35372500
XKoord10=11.94874600
YKoord10=47.35200500
XKoord11=11.94796100
YKoord11=47.35117700
XKoord12=11.94846600
YKoord12=47.34984800
XKoord13=11.94744700
YKoord13=47.34818700
XKoord14=11.94807700
YKoord14=47.34703500
XKoord15=11.94742200
YKoord15=47.34596100
XKoord16=11.94800100
YKoord16=47.34418000
XKoord17=11.94999200
YKoord17=47.34279000
XKoord18=11.95212400
YKoord18=47.34183500
XKoord19=11.95392200
YKoord19=47.34098500
XKoord20=11.95446600
YKoord20=47.34007100
XKoord21=11.95506200
YKoord21=47.33888600
XKoord22=11.95493300
YKoord22=47.33776400
XKoord23=11.95407500
YKoord23=47.33661700
XKoord24=11.95361300
YKoord24=47.33582900
XKoord25=11.95243400
YKoord25=47.33487000
XKoord26=11.95096400
YKoord26=47.33342300
XKoord27=11.94967500
YKoord27=47.33226400
XKoord28=11.94841700
YKoord28=47.33166600
XKoord29=11.94741300
YKoord29=47.33146700
XKoord30=11.94594400
YKoord30=47.33123500
XKoord31=11.94430100
YKoord31=47.33106400
XKoord32=11.94337300
YKoord32=47.33104300
XKoord33=11.94244200
YKoord33=47.33214600
[Overlay]
Symbols=1
[MapLage]
MapName=ÖK50-West
DimmFc=100
ZoomFc=100
CenterLat=47.36580600
CenterLong=11.95449300
RefOn=1
RefLat=47.36580600
RefLong=11.95449300
