[Symbol 1]
Typ=3
Group=1
Col=8
Zoom=1
Size=105
Art=1
Punkte=21
XKoord0=11.98130000
YKoord0=47.36500400
XKoord1=11.98187200
YKoord1=47.36481500
XKoord2=11.98311200
YKoord2=47.36483300
XKoord3=11.98412600
YKoord3=47.36473200
XKoord4=11.98540900
YKoord4=47.36487200
XKoord5=11.98632600
YKoord5=47.36499600
XKoord6=11.98733200
YKoord6=47.36474700
XKoord7=11.98832100
YKoord7=47.36484500
XKoord8=11.98975100
YKoord8=47.36500600
XKoord9=11.99067400
YKoord9=47.36587300
XKoord10=11.99152000
YKoord10=47.36666700
XKoord11=11.99290800
YKoord11=47.36737400
XKoord12=11.99537600
YKoord12=47.36785300
XKoord13=11.99688400
YKoord13=47.36811100
XKoord14=11.99791000
YKoord14=47.36885100
XKoord15=11.99921500
YKoord15=47.36938600
XKoord16=12.00088300
YKoord16=47.36988700
XKoord17=12.00243600
YKoord17=47.37029200
XKoord18=12.00227300
YKoord18=47.37064300
XKoord19=12.00222300
YKoord19=47.37104000
XKoord20=12.00215200
YKoord20=47.37171000
[Symbol 2]
Typ=6
Group=2
Width=20
Height=20
Dir=100
Art=1
Col=2
Zoom=1
Size=102
Area=2
XKoord=11.98112000
YKoord=47.36505700
[Overlay]
Symbols=2
[MapLage]
MapName=ÖK50-West
DimmFc=100
ZoomFc=100
CenterLat=47.36500400
CenterLong=11.98130000
RefOn=1
RefLat=47.36500400
RefLong=11.98130000
