[Symbol 1]
Typ=3
Group=1
Col=8
Zoom=1
Size=105
Art=1
Punkte=35
XKoord0=11.98097400
YKoord0=47.36529500
XKoord1=11.98266100
YKoord1=47.36466700
XKoord2=11.98432900
YKoord2=47.36372300
XKoord3=11.98596700
YKoord3=47.36224100
XKoord4=11.98781200
YKoord4=47.36088800
XKoord5=11.99012100
YKoord5=47.35956700
XKoord6=11.99162600
YKoord6=47.35925800
XKoord7=11.99285700
YKoord7=47.35877600
XKoord8=11.99364800
YKoord8=47.35871000
XKoord9=11.99335300
YKoord9=47.35934800
XKoord10=11.99345500
YKoord10=47.35997500
XKoord11=11.99447000
YKoord11=47.36035400
XKoord12=11.99783400
YKoord12=47.36013100
XKoord13=11.99843200
YKoord13=47.36016000
XKoord14=11.99852100
YKoord14=47.36056300
XKoord15=11.99803500
YKoord15=47.36134000
XKoord16=11.99763600
YKoord16=47.36247600
XKoord17=11.99756500
YKoord17=47.36355700
XKoord18=11.99774600
YKoord18=47.36440800
XKoord19=11.99823200
YKoord19=47.36480000
XKoord20=11.99910700
YKoord20=47.36504700
XKoord21=12.00050800
YKoord21=47.36523500
XKoord22=12.00281000
YKoord22=47.36495000
XKoord23=12.00480300
YKoord23=47.36425700
XKoord24=12.00676100
YKoord24=47.36375600
XKoord25=12.00951500
YKoord25=47.36327900
XKoord26=12.01173000
YKoord26=47.36146600
XKoord27=12.01330200
YKoord27=47.36115400
XKoord28=12.01732700
YKoord28=47.36091300
XKoord29=12.02007600
YKoord29=47.36034600
XKoord30=12.02166500
YKoord30=47.35917900
XKoord31=12.02251100
YKoord31=47.35776200
XKoord32=12.02354500
YKoord32=47.35616000
XKoord33=12.02439000
YKoord33=47.35586800
XKoord34=12.02544500
YKoord34=47.35579500
[Overlay]
Symbols=1
[MapLage]
MapName=ÖK50-West
DimmFc=100
ZoomFc=100
CenterLat=47.36529500
CenterLong=11.98097400
RefOn=1
RefLat=47.36529500
RefLong=11.98097400
