[Symbol 1]
Typ=3
Group=1
Col=8
Zoom=1
Size=105
Art=1
Punkte=20
XKoord0=11.89272500
YKoord0=47.39852400
XKoord1=11.89216000
YKoord1=47.39818800
XKoord2=11.89243200
YKoord2=47.39588700
XKoord3=11.89200500
YKoord3=47.39414300
XKoord4=11.89044900
YKoord4=47.39355200
XKoord5=11.89077200
YKoord5=47.39219400
XKoord6=11.89138100
YKoord6=47.39090900
XKoord7=11.89372800
YKoord7=47.38900500
XKoord8=11.89384300
YKoord8=47.38747200
XKoord9=11.89369800
YKoord9=47.38603600
XKoord10=11.89529000
YKoord10=47.38365600
XKoord11=11.89665800
YKoord11=47.38111100
XKoord12=11.89950900
YKoord12=47.37995900
XKoord13=11.90066600
YKoord13=47.37930000
XKoord14=11.90164800
YKoord14=47.37788000
XKoord15=11.90581600
YKoord15=47.37539000
XKoord16=11.90659500
YKoord16=47.37388500
XKoord17=11.90811100
YKoord17=47.37254200
XKoord18=11.90819800
YKoord18=47.37173000
XKoord19=11.90847200
YKoord19=47.37068800
[Overlay]
Symbols=1
[MapLage]
MapName=ÖK50-West
DimmFc=100
ZoomFc=100
CenterLat=47.39852400
CenterLong=11.89272500
RefOn=1
RefLat=47.39852400
RefLong=11.89272500
