[Symbol 1]
Typ=3
Group=1
Col=8
Zoom=1
Size=105
Art=1
Punkte=53
XKoord0=11.98072300
YKoord0=47.36538000
XKoord1=11.98162300
YKoord1=47.36490700
XKoord2=11.98275200
YKoord2=47.36465300
XKoord3=11.98553300
YKoord3=47.36260000
XKoord4=11.98671200
YKoord4=47.36149000
XKoord5=11.98895800
YKoord5=47.36021600
XKoord6=11.99000800
YKoord6=47.35946900
XKoord7=11.99041800
YKoord7=47.35909800
XKoord8=11.99074700
YKoord8=47.35877400
XKoord9=11.99165700
YKoord9=47.35818900
XKoord10=11.99260800
YKoord10=47.35773600
XKoord11=11.99313400
YKoord11=47.35736300
XKoord12=11.99451300
YKoord12=47.35629100
XKoord13=11.99569800
YKoord13=47.35617000
XKoord14=11.99468300
YKoord14=47.35579200
XKoord15=11.99561400
YKoord15=47.35585700
XKoord16=11.99612000
YKoord16=47.35602400
XKoord17=11.99519200
YKoord17=47.35541800
XKoord18=11.99666500
YKoord18=47.35513200
XKoord19=11.99712400
YKoord19=47.35446800
XKoord20=11.99693100
YKoord20=47.35280800
XKoord21=11.99611800
YKoord21=47.35073700
XKoord22=11.99458600
YKoord22=47.34940500
XKoord23=11.99089500
YKoord23=47.34734100
XKoord24=11.98631800
YKoord24=47.34588500
XKoord25=11.98264400
YKoord25=47.34706100
XKoord26=11.98593200
YKoord26=47.34504100
XKoord27=11.99081600
YKoord27=47.34360900
XKoord28=11.99340900
YKoord28=47.34381100
XKoord29=11.99650100
YKoord29=47.34463000
XKoord30=11.99857800
YKoord30=47.34507100
XKoord31=12.00210200
YKoord31=47.34520200
XKoord32=12.00177100
YKoord32=47.34696600
XKoord33=12.00079500
YKoord33=47.34802700
XKoord34=12.00048500
YKoord34=47.35015000
XKoord35=11.99991100
YKoord35=47.35169500
XKoord36=11.99920400
YKoord36=47.35207400
XKoord37=11.99901300
YKoord37=47.35338300
XKoord38=11.99660000
YKoord38=47.35520100
XKoord39=11.99528800
YKoord39=47.35537100
XKoord40=11.99608600
YKoord40=47.35600200
XKoord41=11.99468300
YKoord41=47.35579200
XKoord42=11.99563400
YKoord42=47.35621700
XKoord43=11.99444900
YKoord43=47.35633800
XKoord44=11.99285300
YKoord44=47.35766200
XKoord45=11.99216300
YKoord45=47.35806200
XKoord46=11.99134500
YKoord46=47.35851200
XKoord47=11.99074400
YKoord47=47.35872900
XKoord48=11.99041900
YKoord48=47.35912100
XKoord49=11.98649700
YKoord49=47.36178800
XKoord50=11.98278300
YKoord50=47.36463000
XKoord51=11.98140600
YKoord51=47.36486800
XKoord52=11.98091800
YKoord52=47.36533000
[Symbol 2]
Typ=6
Group=2
Width=20
Height=20
Dir=100
Art=1
Col=2
Zoom=1
Size=102
Area=2
XKoord=11.98063800
YKoord=47.36549000
[Overlay]
Symbols=2
[MapLage]
MapName=ÖK50-West
DimmFc=100
ZoomFc=100
CenterLat=47.36538000
CenterLong=11.98072300
RefOn=1
RefLat=47.36538000
RefLong=11.98072300
