[Symbol 1]
Typ=3
Group=1
Col=8
Zoom=1
Size=105
Art=1
Punkte=27
XKoord0=11.96054000
YKoord0=47.37543000
XKoord1=11.96032000
YKoord1=47.37623500
XKoord2=11.96165800
YKoord2=47.37588500
XKoord3=11.96260000
YKoord3=47.37643400
XKoord4=11.96524900
YKoord4=47.37699500
XKoord5=11.96648300
YKoord5=47.37714300
XKoord6=11.96812200
YKoord6=47.37743800
XKoord7=11.96919700
YKoord7=47.37828800
XKoord8=11.96974200
YKoord8=47.37915100
XKoord9=11.97054500
YKoord9=47.37987300
XKoord10=11.97178000
YKoord10=47.38062800
XKoord11=11.97221200
YKoord11=47.38124700
XKoord12=11.97391900
YKoord12=47.38156300
XKoord13=11.97466200
YKoord13=47.38165600
XKoord14=11.97619600
YKoord14=47.38125600
XKoord15=11.97723300
YKoord15=47.38100400
XKoord16=11.97802800
YKoord16=47.38143400
XKoord17=11.97891000
YKoord17=47.38181600
XKoord18=11.97994100
YKoord18=47.38203600
XKoord19=11.98151900
YKoord19=47.38359200
XKoord20=11.98363100
YKoord20=47.38446000
XKoord21=11.98432700
YKoord21=47.38504900
XKoord22=11.98473400
YKoord22=47.38580400
XKoord23=11.98490100
YKoord23=47.38642900
XKoord24=11.98474000
YKoord24=47.38767100
XKoord25=11.98455000
YKoord25=47.38900300
XKoord26=11.98399600
YKoord26=47.39034500
[Symbol 2]
Typ=6
Group=2
Width=20
Height=20
Dir=100
Art=1
Col=2
Zoom=1
Size=102
Area=2
XKoord=11.96090200
YKoord=47.37568600
[Overlay]
Symbols=2
[MapLage]
MapName=ÖK50-West
DimmFc=100
ZoomFc=100
CenterLat=47.37543000
CenterLong=11.96054000
RefOn=1
RefLat=47.37543000
RefLong=11.96054000
