[Symbol 1]
Typ=3
Group=1
Col=8
Zoom=1
Size=105
Art=1
Punkte=39
XKoord0=11.98128600
YKoord0=47.36496400
XKoord1=11.98206200
YKoord1=47.36462900
XKoord2=11.98279200
YKoord2=47.36465500
XKoord3=11.98538700
YKoord3=47.36251700
XKoord4=11.98691500
YKoord4=47.36144200
XKoord5=11.98921900
YKoord5=47.36003200
XKoord6=11.99046400
YKoord6=47.35936500
XKoord7=11.99048700
YKoord7=47.35882400
XKoord8=11.99201700
YKoord8=47.35798000
XKoord9=11.99278800
YKoord9=47.35755500
XKoord10=11.99411800
YKoord10=47.35648500
XKoord11=11.99443300
YKoord11=47.35620700
XKoord12=11.99529200
YKoord12=47.35618400
XKoord13=11.99460100
YKoord13=47.35566200
XKoord14=11.99620300
YKoord14=47.35589000
XKoord15=11.99511500
YKoord15=47.35542700
XKoord16=11.99709000
YKoord16=47.35519200
XKoord17=11.99865900
YKoord17=47.35366600
XKoord18=11.99940200
YKoord18=47.35274700
XKoord19=11.99935600
YKoord19=47.35193800
XKoord20=12.00007400
YKoord20=47.35227400
XKoord21=12.00084300
YKoord21=47.35014400
XKoord22=12.00104300
YKoord22=47.34784400
XKoord23=12.00197100
YKoord23=47.34669500
XKoord24=12.00212900
YKoord24=47.34480100
XKoord25=12.00267100
YKoord25=47.34389000
XKoord26=12.00460100
YKoord26=47.34313400
XKoord27=12.00670100
YKoord27=47.34280900
XKoord28=12.00887900
YKoord28=47.34475900
XKoord29=12.01144700
YKoord29=47.34568100
XKoord30=12.01341500
YKoord30=47.34652900
XKoord31=12.01610800
YKoord31=47.34731400
XKoord32=12.01812400
YKoord32=47.34740800
XKoord33=12.02042700
YKoord33=47.34785100
XKoord34=12.02205600
YKoord34=47.34828200
XKoord35=12.02448600
YKoord35=47.34794700
XKoord36=12.02358700
YKoord36=47.34661600
XKoord37=12.02501700
YKoord37=47.34661400
XKoord38=12.02407900
YKoord38=47.34595500
[Symbol 2]
Typ=6
Group=2
Width=20
Height=20
Dir=100
Art=1
Col=2
Zoom=1
Size=102
Area=2
XKoord=11.98102700
YKoord=47.36502700
[Overlay]
Symbols=2
[MapLage]
MapName=ÖK50-West
DimmFc=100
ZoomFc=100
CenterLat=47.36496400
CenterLong=11.98128600
RefOn=1
RefLat=47.36496400
RefLong=11.98128600
