[Symbol 1]
Typ=3
Group=1
Col=8
Zoom=1
Size=105
Art=1
Punkte=37
XKoord0=11.98068900
YKoord0=47.36536900
XKoord1=11.98455100
YKoord1=47.36337800
XKoord2=11.99026800
YKoord2=47.35909000
XKoord3=11.99468300
YKoord3=47.35636400
XKoord4=11.99552000
YKoord4=47.35593800
XKoord5=11.99471400
YKoord5=47.35573400
XKoord6=11.99604100
YKoord6=47.35578900
XKoord7=11.99515600
YKoord7=47.35536200
XKoord8=11.99703000
YKoord8=47.35454800
XKoord9=11.99942800
YKoord9=47.35246100
XKoord10=11.99985200
YKoord10=47.35177500
XKoord11=12.00079000
YKoord11=47.34963500
XKoord12=12.00200500
YKoord12=47.34537400
XKoord13=12.00346400
YKoord13=47.34191600
XKoord14=12.00590100
YKoord14=47.33937700
XKoord15=12.00787900
YKoord15=47.33806500
XKoord16=12.00860800
YKoord16=47.33692100
XKoord17=12.00915400
YKoord17=47.33605200
XKoord18=12.00831300
YKoord18=47.33521900
XKoord19=12.00858200
YKoord19=47.33413200
XKoord20=12.00884100
YKoord20=47.33286500
XKoord21=12.01087000
YKoord21=47.33078500
XKoord22=12.01092100
YKoord22=47.32934400
XKoord23=12.01012700
YKoord23=47.32819500
XKoord24=12.01124800
YKoord24=47.32812100
XKoord25=12.01182800
YKoord25=47.32783600
XKoord26=12.01167000
YKoord26=47.32739000
XKoord27=12.01091700
YKoord27=47.32579000
XKoord28=12.00959000
YKoord28=47.32339500
XKoord29=12.00966600
YKoord29=47.32240300
XKoord30=12.00983300
YKoord30=47.32185800
XKoord31=12.01112400
YKoord31=47.32128500
XKoord32=12.01453900
YKoord32=47.32083500
XKoord33=12.01867200
YKoord33=47.32135600
XKoord34=12.02013300
YKoord34=47.32145200
XKoord35=12.02192000
YKoord35=47.32145000
XKoord36=12.02332000
YKoord36=47.32163800
[Overlay]
Symbols=1
[MapLage]
MapName=ÖK50-West
DimmFc=100
ZoomFc=100
CenterLat=47.36536900
CenterLong=11.98068900
RefOn=1
RefLat=47.36536900
RefLong=11.98068900
