[Symbol 1]
Typ=3
Group=1
Col=8
Zoom=1
Size=105
Art=1
Punkte=29
XKoord0=11.95447000
YKoord0=47.36580400
XKoord1=11.95336200
YKoord1=47.36493300
XKoord2=11.95311100
YKoord2=47.36399500
XKoord3=11.95166200
YKoord3=47.36295200
XKoord4=11.95049600
YKoord4=47.36104700
XKoord5=11.95088800
YKoord5=47.36015600
XKoord6=11.94973300
YKoord6=47.35370600
XKoord7=11.94794000
YKoord7=47.35123200
XKoord8=11.94852900
YKoord8=47.34991200
XKoord9=11.94751100
YKoord9=47.34827400
XKoord10=11.94804000
YKoord10=47.34709000
XKoord11=11.94757600
YKoord11=47.34588700
XKoord12=11.94504800
YKoord12=47.34446700
XKoord13=11.94248000
YKoord13=47.34426000
XKoord14=11.93969600
YKoord14=47.34419700
XKoord15=11.93747500
YKoord15=47.34414100
XKoord16=11.93537800
YKoord16=47.34392500
XKoord17=11.93227100
YKoord17=47.34342000
XKoord18=11.92922200
YKoord18=47.34320800
XKoord19=11.92722400
YKoord19=47.34299000
XKoord20=11.92526500
YKoord20=47.34227500
XKoord21=11.92502800
YKoord21=47.34118300
XKoord22=11.92550900
YKoord22=47.34031500
XKoord23=11.92556900
YKoord23=47.33900900
XKoord24=11.92601400
YKoord24=47.33746800
XKoord25=11.92786000
YKoord25=47.33494600
XKoord26=11.92810900
YKoord26=47.33466900
XKoord27=11.92899600
YKoord27=47.33514200
XKoord28=11.92913100
YKoord28=47.33518300
[Overlay]
Symbols=1
[MapLage]
MapName=ÖK50-West
DimmFc=100
ZoomFc=100
CenterLat=47.36580400
CenterLong=11.95447000
RefOn=1
RefLat=47.36580400
RefLong=11.95447000
