[Symbol 1]
Typ=3
Group=1
Col=8
Zoom=1
Size=105
Art=1
Punkte=51
XKoord0=11.96027500
YKoord0=47.37532700
XKoord1=11.95986600
YKoord1=47.37394300
XKoord2=11.95925500
YKoord2=47.37391300
XKoord3=11.95814900
YKoord3=47.37308700
XKoord4=11.95711200
YKoord4=47.37230400
XKoord5=11.95598800
YKoord5=47.37116300
XKoord6=11.95526200
YKoord6=47.36884200
XKoord7=11.95407900
YKoord7=47.36662200
XKoord8=11.95367300
YKoord8=47.36528300
XKoord9=11.95344900
YKoord9=47.36483900
XKoord10=11.95123500
YKoord10=47.36314100
XKoord11=11.95045000
YKoord11=47.35857200
XKoord12=11.94984300
YKoord12=47.35836200
XKoord13=11.94886400
YKoord13=47.35744300
XKoord14=11.94790100
YKoord14=47.35679300
XKoord15=11.94724000
YKoord15=47.35681000
XKoord16=11.94644600
YKoord16=47.35683000
XKoord17=11.94571900
YKoord17=47.35684900
XKoord18=11.94497900
YKoord18=47.35664300
XKoord19=11.94437200
YKoord19=47.35643300
XKoord20=11.94349700
YKoord20=47.35618600
XKoord21=11.94296100
YKoord21=47.35606500
XKoord22=11.94195600
YKoord22=47.35586600
XKoord23=11.94141700
YKoord23=47.35569900
XKoord24=11.94009000
YKoord24=47.35541900
XKoord25=11.93946800
YKoord25=47.35494000
XKoord26=11.93880700
YKoord26=47.35401200
XKoord27=11.93797400
YKoord27=47.35331300
XKoord28=11.93748100
YKoord28=47.35278600
XKoord29=11.93700800
YKoord29=47.35261800
XKoord30=11.93628500
YKoord30=47.35389600
XKoord31=11.93524400
YKoord31=47.35423800
XKoord32=11.93504700
YKoord32=47.35545800
XKoord33=11.93421300
YKoord33=47.35570500
XKoord34=11.93343200
YKoord34=47.35595000
XKoord35=11.93228000
YKoord35=47.35570900
XKoord36=11.93106800
YKoord36=47.35533500
XKoord37=11.92987000
YKoord37=47.35523000
XKoord38=11.92874800
YKoord38=47.35530400
XKoord39=11.92743100
YKoord39=47.35542800
XKoord40=11.92677700
YKoord40=47.35558000
XKoord41=11.92600200
YKoord41=47.35569000
XKoord42=11.92509600
YKoord42=47.35607300
XKoord43=11.92439600
YKoord43=47.35658600
XKoord44=11.92403100
YKoord44=47.35718000
XKoord45=11.92380200
YKoord45=47.35781600
XKoord46=11.92351600
YKoord46=47.35863300
XKoord47=11.92309500
YKoord47=47.35940900
XKoord48=11.92286000
YKoord48=47.35995500
XKoord49=11.92289300
YKoord49=47.36053900
XKoord50=11.92298900
YKoord50=47.36107600
[Symbol 2]
Typ=6
Group=2
Width=20
Height=20
Dir=100
Art=1
Col=2
Zoom=1
Size=102
Area=2
XKoord=11.96027100
YKoord=47.37537200
[Overlay]
Symbols=2
[MapLage]
MapName=ÖK50-West
DimmFc=100
ZoomFc=100
CenterLat=47.37532700
CenterLong=11.96027500
RefOn=1
RefLat=47.37532700
RefLong=11.96027500
