[Symbol 1]
Typ=3
Group=1
Col=8
Zoom=1
Size=105
Art=1
Punkte=46
XKoord0=12.21873300
YKoord0=47.38903500
XKoord1=12.22077500
YKoord1=47.38776300
XKoord2=12.22331700
YKoord2=47.38706200
XKoord3=12.22666100
YKoord3=47.38703500
XKoord4=12.22905900
YKoord4=47.38669700
XKoord5=12.23138100
YKoord5=47.38566400
XKoord6=12.23221800
YKoord6=47.38528100
XKoord7=12.23291600
YKoord7=47.38530600
XKoord8=12.23380700
YKoord8=47.38471800
XKoord9=12.23446700
YKoord9=47.38467700
XKoord10=12.23496300
YKoord10=47.38466300
XKoord11=12.23544300
YKoord11=47.38438000
XKoord12=12.23547300
YKoord12=47.38379400
XKoord13=12.23655800
YKoord13=47.38365100
XKoord14=12.23715600
YKoord14=47.38367900
XKoord15=12.23765600
YKoord15=47.38373200
XKoord16=12.24051200
YKoord16=47.38385400
XKoord17=12.24317300
YKoord17=47.38294600
XKoord18=12.24802400
YKoord18=47.38265100
XKoord19=12.24862700
YKoord19=47.38222900
XKoord20=12.24862900
YKoord20=47.38171200
XKoord21=12.24896900
YKoord21=47.38131900
XKoord22=12.24974900
YKoord22=47.38107200
XKoord23=12.25021000
YKoord23=47.38103700
XKoord24=12.25154400
YKoord24=47.38063900
XKoord25=12.25262400
YKoord25=47.38042800
XKoord26=12.25556800
YKoord26=47.38036700
XKoord27=12.25570300
YKoord27=47.38094800
XKoord28=12.25596700
YKoord28=47.38199800
XKoord29=12.25633100
YKoord29=47.38306800
XKoord30=12.25999900
YKoord30=47.38343600
XKoord31=12.26329000
YKoord31=47.38361200
XKoord32=12.26409700
YKoord32=47.38381400
XKoord33=12.26486000
YKoord33=47.38383700
XKoord34=12.26568600
YKoord34=47.38379100
XKoord35=12.26627800
YKoord35=47.38318900
XKoord36=12.26629100
YKoord36=47.38233400
XKoord37=12.26796800
YKoord37=47.37999100
XKoord38=12.26804200
YKoord38=47.37958400
XKoord39=12.26804100
YKoord39=47.37902200
XKoord40=12.26876000
YKoord40=47.37832600
XKoord41=12.26897600
YKoord41=47.37807300
XKoord42=12.26883500
YKoord42=47.37794200
XKoord43=12.26790100
YKoord43=47.37783300
XKoord44=12.26720700
YKoord44=47.37785300
XKoord45=12.26648200
YKoord45=47.37791900
[Overlay]
Symbols=1
[MapLage]
MapName=ÖK50-West
DimmFc=100
ZoomFc=100
CenterLat=47.38903500
CenterLong=12.21873300
RefOn=1
RefLat=47.38903500
RefLong=12.21873300
