[Symbol 1]
Typ=3
Group=1
Col=8
Zoom=1
Size=105
Art=1
Punkte=43
XKoord0=12.21873300
YKoord0=47.38903500
XKoord1=12.22077500
YKoord1=47.38776300
XKoord2=12.22331700
YKoord2=47.38706200
XKoord3=12.22666100
YKoord3=47.38703500
XKoord4=12.22905900
YKoord4=47.38669700
XKoord5=12.23138100
YKoord5=47.38566400
XKoord6=12.23221800
YKoord6=47.38528100
XKoord7=12.23291600
YKoord7=47.38530600
XKoord8=12.23380700
YKoord8=47.38471800
XKoord9=12.23446700
YKoord9=47.38467700
XKoord10=12.23496300
YKoord10=47.38466300
XKoord11=12.23544300
YKoord11=47.38438000
XKoord12=12.23547300
YKoord12=47.38379400
XKoord13=12.23655800
YKoord13=47.38365100
XKoord14=12.23715600
YKoord14=47.38367900
XKoord15=12.23765600
YKoord15=47.38373200
XKoord16=12.24051200
YKoord16=47.38385400
XKoord17=12.24317300
YKoord17=47.38294600
XKoord18=12.24802400
YKoord18=47.38265100
XKoord19=12.24862700
YKoord19=47.38222900
XKoord20=12.24862900
YKoord20=47.38171200
XKoord21=12.24896900
YKoord21=47.38131900
XKoord22=12.24974900
YKoord22=47.38107200
XKoord23=12.25028300
YKoord23=47.38080900
XKoord24=12.25185100
YKoord24=47.38045000
XKoord25=12.25245600
YKoord25=47.38005000
XKoord26=12.25268300
YKoord26=47.37943600
XKoord27=12.25163400
YKoord27=47.37854400
XKoord28=12.25175400
YKoord28=47.37779800
XKoord29=12.25231700
YKoord29=47.37726400
XKoord30=12.25282800
YKoord30=47.37641700
XKoord31=12.25454000
YKoord31=47.37571600
XKoord32=12.25862400
YKoord32=47.37533000
XKoord33=12.26059500
YKoord33=47.37524400
XKoord34=12.26222000
YKoord34=47.37474800
XKoord35=12.26163500
YKoord35=47.37278400
XKoord36=12.26222300
YKoord36=47.37194300
XKoord37=12.26364800
YKoord37=47.37121000
XKoord38=12.26412500
YKoord38=47.37036400
XKoord39=12.26360000
YKoord39=47.36936700
XKoord40=12.26331800
YKoord40=47.36854300
XKoord41=12.26322800
YKoord41=47.36816300
XKoord42=12.26307800
YKoord42=47.36787400
[Overlay]
Symbols=1
[MapLage]
MapName=ÖK50-West
DimmFc=100
ZoomFc=100
CenterLat=47.38903500
CenterLong=12.21873300
RefOn=1
RefLat=47.38903500
RefLong=12.21873300
