[Symbol 1]
Typ=3
Group=1
Col=8
Zoom=1
Size=105
Art=1
Punkte=57
XKoord0=12.22179900
YKoord0=47.36867200
XKoord1=12.22061000
YKoord1=47.36654500
XKoord2=12.21941200
YKoord2=47.36428400
XKoord3=12.21929800
YKoord3=47.36131700
XKoord4=12.22007800
YKoord4=47.35999100
XKoord5=12.21895500
YKoord5=47.35678200
XKoord6=12.22017300
YKoord6=47.35611800
XKoord7=12.22035800
YKoord7=47.35480800
XKoord8=12.22096200
YKoord8=47.35384600
XKoord9=12.22313200
YKoord9=47.35252500
XKoord10=12.22317100
YKoord10=47.35207400
XKoord11=12.22599500
YKoord11=47.35060000
XKoord12=12.22574700
YKoord12=47.34871700
XKoord13=12.22642800
YKoord13=47.34793300
XKoord14=12.22636700
YKoord14=47.34694500
XKoord15=12.22637600
YKoord15=47.34599900
XKoord16=12.22868700
YKoord16=47.34372900
XKoord17=12.22899900
YKoord17=47.34232600
XKoord18=12.22855000
YKoord18=47.34148300
XKoord19=12.22835500
YKoord19=47.33937400
XKoord20=12.22762300
YKoord20=47.33822500
XKoord21=12.22671700
YKoord21=47.33748500
XKoord22=12.22663200
YKoord22=47.33627100
XKoord23=12.22655000
YKoord23=47.33492300
XKoord24=12.22804500
YKoord24=47.33447600
XKoord25=12.23109300
YKoord25=47.33452500
XKoord26=12.23454600
YKoord26=47.33253800
XKoord27=12.23554500
YKoord27=47.33156500
XKoord28=12.23712300
YKoord28=47.33138500
XKoord29=12.23778300
YKoord29=47.33028700
XKoord30=12.23832600
YKoord30=47.32725700
XKoord31=12.23831800
YKoord31=47.32604200
XKoord32=12.23865100
YKoord32=47.32499700
XKoord33=12.24094100
YKoord33=47.32457300
XKoord34=12.24147000
YKoord34=47.32455800
XKoord35=12.24227600
YKoord35=47.32476000
XKoord36=12.24257400
YKoord36=47.32421100
XKoord37=12.24319800
YKoord37=47.32468900
XKoord38=12.24465500
YKoord38=47.32577200
XKoord39=12.24505400
YKoord39=47.32580600
XKoord40=12.24518000
YKoord40=47.32355300
XKoord41=12.24507600
YKoord41=47.32173400
XKoord42=12.24548100
YKoord42=47.31969800
XKoord43=12.24602600
YKoord43=47.31833200
XKoord44=12.24563200
YKoord44=47.31622800
XKoord45=12.24586200
YKoord45=47.31501000
XKoord46=12.24512300
YKoord46=47.31385800
XKoord47=12.24480400
YKoord47=47.31296700
XKoord48=12.24636700
YKoord48=47.31256300
XKoord49=12.24883100
YKoord49=47.31272000
XKoord50=12.25001100
YKoord50=47.31263900
XKoord51=12.25119000
YKoord51=47.31233800
XKoord52=12.25241800
YKoord52=47.31198600
XKoord53=12.25374600
YKoord53=47.31195100
XKoord54=12.25453100
YKoord54=47.31287400
XKoord55=12.25468400
YKoord55=47.31331700
XKoord56=12.25324400
YKoord56=47.31466200
[Overlay]
Symbols=1
[MapLage]
MapName=ÖK50-West
DimmFc=100
ZoomFc=100
CenterLat=47.36867200
CenterLong=12.22179900
RefOn=1
RefLat=47.36867200
RefLong=12.22179900
