[Symbol 1]
Typ=3
Group=1
Col=8
Zoom=1
Size=105
Art=1
Punkte=37
XKoord0=12.21783000
YKoord0=47.38773600
XKoord1=12.21678600
YKoord1=47.38691100
XKoord2=12.21578500
YKoord2=47.38788400
XKoord3=12.21415000
YKoord3=47.38824500
XKoord4=12.21304800
YKoord4=47.38863600
XKoord5=12.21163300
YKoord5=47.39043000
XKoord6=12.21093800
YKoord6=47.39099000
XKoord7=12.21051700
YKoord7=47.39059600
XKoord8=12.21009500
YKoord8=47.39020300
XKoord9=12.20862400
YKoord9=47.38997400
XKoord10=12.20680200
YKoord10=47.38944100
XKoord11=12.20605300
YKoord11=47.38910200
XKoord12=12.19942800
YKoord12=47.38474200
XKoord13=12.19918600
YKoord13=47.38402900
XKoord14=12.19829100
YKoord14=47.38346900
XKoord15=12.19745400
YKoord15=47.38277200
XKoord16=12.19623300
YKoord16=47.38231200
XKoord17=12.19483200
YKoord17=47.38104600
XKoord18=12.19445000
YKoord18=47.38240600
XKoord19=12.19365800
YKoord19=47.38355300
XKoord20=12.19230800
YKoord20=47.38314100
XKoord21=12.19201400
YKoord21=47.38265400
XKoord22=12.19151800
YKoord22=47.38212800
XKoord23=12.19056700
YKoord23=47.38283000
XKoord24=12.18866500
YKoord24=47.38315300
XKoord25=12.18802000
YKoord25=47.38344000
XKoord26=12.18792400
YKoord26=47.38294800
XKoord27=12.18602200
YKoord27=47.38327100
XKoord28=12.18555100
YKoord28=47.38314900
XKoord29=12.18509500
YKoord29=47.38217200
XKoord30=12.18353000
YKoord30=47.38149600
XKoord31=12.18241400
YKoord31=47.38166200
XKoord32=12.18072400
YKoord32=47.38220300
XKoord33=12.17858200
YKoord33=47.38293800
XKoord34=12.17672800
YKoord34=47.38294400
XKoord35=12.17535600
YKoord35=47.38217200
XKoord36=12.17470300
YKoord36=47.38232600
[Overlay]
Symbols=1
[MapLage]
MapName=ÖK50-West
DimmFc=100
ZoomFc=100
CenterLat=47.38773600
CenterLong=12.21783000
RefOn=1
RefLat=47.38773600
RefLong=12.21783000
