[Symbol 1]
Typ=3
Group=1
Col=8
Zoom=1
Size=105
Art=1
Punkte=62
XKoord0=12.22188400
YKoord0=47.36854400
XKoord1=12.22026300
YKoord1=47.36584500
XKoord2=12.21985600
YKoord2=47.36459700
XKoord3=12.21960800
YKoord3=47.36379400
XKoord4=12.21955900
YKoord4=47.36298500
XKoord5=12.21948500
YKoord5=47.36177200
XKoord6=12.21959600
YKoord6=47.36032900
XKoord7=12.21989900
YKoord7=47.35987100
XKoord8=12.21923400
YKoord8=47.35656000
XKoord9=12.22020300
YKoord9=47.35617200
XKoord10=12.22055900
YKoord10=47.35440800
XKoord11=12.22378000
YKoord11=47.35184200
XKoord12=12.22596100
YKoord12=47.35070100
XKoord13=12.22563700
YKoord13=47.34864000
XKoord14=12.22658700
YKoord14=47.34793800
XKoord15=12.22653800
YKoord15=47.34713000
XKoord16=12.22615300
YKoord16=47.34624100
XKoord17=12.22857700
YKoord17=47.34365200
XKoord18=12.22906700
YKoord18=47.34300900
XKoord19=12.22888300
YKoord19=47.34215900
XKoord20=12.22859100
YKoord20=47.34171700
XKoord21=12.22844000
YKoord21=47.33924700
XKoord22=12.22684700
YKoord22=47.33807700
XKoord23=12.22516200
YKoord23=47.33758400
XKoord24=12.22244200
YKoord24=47.33532100
XKoord25=12.22217600
YKoord25=47.33420300
XKoord26=12.22098800
YKoord26=47.33315400
XKoord27=12.22041000
YKoord27=47.33236100
XKoord28=12.21700300
YKoord28=47.33074700
XKoord29=12.21451300
YKoord29=47.32789200
XKoord30=12.21411400
YKoord30=47.32677800
XKoord31=12.21307100
YKoord31=47.32595200
XKoord32=12.21197900
YKoord32=47.32539800
XKoord33=12.21051800
YKoord33=47.32422400
XKoord34=12.20871500
YKoord34=47.32396000
XKoord35=12.20704500
YKoord35=47.32261200
XKoord36=12.20611300
YKoord36=47.32142300
XKoord37=12.20552100
YKoord37=47.32148400
XKoord38=12.20380700
YKoord38=47.32049700
XKoord39=12.20139400
YKoord39=47.31998000
XKoord40=12.20031000
YKoord40=47.31848000
XKoord41=12.19914700
YKoord41=47.31783800
XKoord42=12.19484600
YKoord42=47.31674300
XKoord43=12.19389400
YKoord43=47.31632000
XKoord44=12.19276100
YKoord44=47.31509100
XKoord45=12.19064300
YKoord45=47.31398100
XKoord46=12.18928100
YKoord46=47.31334300
XKoord47=12.18858800
YKoord47=47.31282300
XKoord48=12.18647700
YKoord48=47.31292700
XKoord49=12.18446300
YKoord49=47.31244300
XKoord50=12.18222100
YKoord50=47.31191900
XKoord51=12.17891700
YKoord51=47.31088600
XKoord52=12.17751900
YKoord52=47.31074500
XKoord53=12.17550300
YKoord53=47.31021600
XKoord54=12.17402300
YKoord54=47.30980700
XKoord55=12.17303000
YKoord55=47.30758500
XKoord56=12.17191600
YKoord56=47.30667100
XKoord57=12.17018200
YKoord57=47.30532400
XKoord58=12.16886800
YKoord58=47.30437000
XKoord59=12.16846000
YKoord59=47.30307700
XKoord60=12.16513000
YKoord60=47.30159400
XKoord61=12.16613400
YKoord61=47.30179100
[Overlay]
Symbols=1
[MapLage]
MapName=ÖK50-West
DimmFc=100
ZoomFc=100
CenterLat=47.36854400
CenterLong=12.22188400
RefOn=1
RefLat=47.36854400
RefLong=12.22188400
