[Symbol 1]
Typ=3
Group=1
Col=8
Zoom=1
Size=105
Art=1
Punkte=48
XKoord0=12.21768700
YKoord0=47.38756000
XKoord1=12.21718500
YKoord1=47.38694400
XKoord2=12.21637200
YKoord2=47.38773200
XKoord3=12.21592300
YKoord3=47.38797000
XKoord4=12.21551800
YKoord4=47.38784600
XKoord5=12.21337900
YKoord5=47.38862600
XKoord6=12.21298700
YKoord6=47.38872700
XKoord7=12.21282400
YKoord7=47.38931700
XKoord8=12.21218500
YKoord8=47.38969500
XKoord9=12.21126100
YKoord9=47.39084600
XKoord10=12.21073700
YKoord10=47.39095000
XKoord11=12.21017000
YKoord11=47.39033600
XKoord12=12.20909500
YKoord12=47.39009600
XKoord13=12.20666200
YKoord13=47.38931000
XKoord14=12.20435900
YKoord14=47.38739400
XKoord15=12.19914200
YKoord15=47.38439000
XKoord16=12.19815300
YKoord16=47.38338300
XKoord17=12.19677000
YKoord17=47.38243200
XKoord18=12.19463900
YKoord18=47.38114100
XKoord19=12.19458000
YKoord19=47.38235800
XKoord20=12.19372700
YKoord20=47.38359600
XKoord21=12.19224200
YKoord21=47.38314300
XKoord22=12.19132300
YKoord22=47.38217900
XKoord23=12.18996600
YKoord23=47.38275600
XKoord24=12.18815800
YKoord24=47.38352700
XKoord25=12.18693500
YKoord25=47.38302100
XKoord26=12.18549300
YKoord26=47.38328600
XKoord27=12.18435600
YKoord27=47.38201300
XKoord28=12.18239100
YKoord28=47.38017700
XKoord29=12.18233300
YKoord29=47.37810900
XKoord30=12.18165800
YKoord30=47.37790300
XKoord31=12.18169700
YKoord31=47.37745200
XKoord32=12.18129700
YKoord32=47.37741800
XKoord33=12.18093000
YKoord33=47.37571800
XKoord34=12.18230200
YKoord34=47.37541000
XKoord35=12.18332300
YKoord35=47.37475200
XKoord36=12.18196300
YKoord36=47.37308000
XKoord37=12.18026300
YKoord37=47.37123700
XKoord38=12.17952500
YKoord38=47.37107800
XKoord39=12.17823000
YKoord39=47.37048400
XKoord40=12.17782300
YKoord40=47.37031500
XKoord41=12.17731500
YKoord41=47.36848400
XKoord42=12.17620300
YKoord42=47.36761500
XKoord43=12.17616300
YKoord43=47.36694100
XKoord44=12.17434500
YKoord44=47.36645200
XKoord45=12.17303800
YKoord45=47.36563300
XKoord46=12.17220700
YKoord46=47.36502600
XKoord47=12.17309300
YKoord47=47.36324700
[Overlay]
Symbols=1
[MapLage]
MapName=ÖK50-West
DimmFc=100
ZoomFc=100
CenterLat=47.38756000
CenterLong=12.21768700
RefOn=1
RefLat=47.38756000
RefLong=12.21768700
