[Symbol 1]
Typ=3
Group=1
Col=8
Zoom=1
Size=105
Art=1
Punkte=53
XKoord0=12.22181300
YKoord0=47.36863800
XKoord1=12.22086800
YKoord1=47.36726900
XKoord2=12.21980000
YKoord2=47.36496000
XKoord3=12.21946500
YKoord3=47.36379900
XKoord4=12.21947900
YKoord4=47.36186400
XKoord5=12.21953500
YKoord5=47.36060200
XKoord6=12.22008100
YKoord6=47.35977700
XKoord7=12.21966300
YKoord7=47.35834900
XKoord8=12.21933500
YKoord8=47.35732300
XKoord9=12.21924700
YKoord9=47.35696600
XKoord10=12.22020100
YKoord10=47.35630900
XKoord11=12.22034700
YKoord11=47.35545000
XKoord12=12.21933300
YKoord12=47.35619800
XKoord13=12.21901100
YKoord13=47.35634200
XKoord14=12.21851000
YKoord14=47.35572600
XKoord15=12.21779600
YKoord15=47.35597100
XKoord16=12.21748800
YKoord16=47.35634000
XKoord17=12.21670500
YKoord17=47.35654200
XKoord18=12.21585100
YKoord18=47.35665600
XKoord19=12.21478000
YKoord19=47.35646100
XKoord20=12.21308600
YKoord20=47.35691400
XKoord21=12.21235600
YKoord21=47.35688900
XKoord22=12.21173600
YKoord22=47.35650200
XKoord23=12.21201500
YKoord23=47.35563900
XKoord24=12.21090600
YKoord24=47.35481500
XKoord25=12.21095700
YKoord25=47.35566900
XKoord26=12.21079700
YKoord26=47.35630300
XKoord27=12.21016400
YKoord27=47.35569100
XKoord28=12.20892000
YKoord28=47.35482600
XKoord29=12.20723200
YKoord29=47.35428800
XKoord30=12.20526000
YKoord30=47.35344300
XKoord31=12.20411300
YKoord31=47.35199100
XKoord32=12.20208100
YKoord32=47.35123700
XKoord33=12.20232600
YKoord33=47.35091600
XKoord34=12.20208400
YKoord34=47.35020200
XKoord35=12.20101600
YKoord35=47.35005200
XKoord36=12.20038900
YKoord36=47.34953000
XKoord37=12.19722700
YKoord37=47.34979800
XKoord38=12.19538400
YKoord38=47.34998500
XKoord39=12.19299900
YKoord39=47.34996100
XKoord40=12.19144500
YKoord40=47.35054400
XKoord41=12.18939400
YKoord41=47.35055700
XKoord42=12.18785400
YKoord42=47.35028400
XKoord43=12.18741700
YKoord43=47.34962200
XKoord44=12.18770400
YKoord44=47.34889400
XKoord45=12.18787600
YKoord45=47.34843900
XKoord46=12.18698400
YKoord46=47.34792400
XKoord47=12.18425000
YKoord47=47.34759500
XKoord48=12.18379900
YKoord48=47.34670800
XKoord49=12.18153800
YKoord49=47.34654500
XKoord50=12.18001800
YKoord50=47.34658800
XKoord51=12.17934500
YKoord51=47.34750600
XKoord52=12.17841300
YKoord52=47.34852200
[Overlay]
Symbols=1
[MapLage]
MapName=ÖK50-West
DimmFc=100
ZoomFc=100
CenterLat=47.36863800
CenterLong=12.22181300
RefOn=1
RefLat=47.36863800
RefLong=12.22181300
