[Symbol 1]
Typ=3
Group=1
Col=8
Zoom=1
Size=105
Art=1
Punkte=49
XKoord0=12.22186800
YKoord0=47.36879700
XKoord1=12.22070400
YKoord1=47.36707500
XKoord2=12.21958600
YKoord2=47.36449600
XKoord3=12.21947400
YKoord3=47.36157500
XKoord4=12.21952400
YKoord4=47.36076300
XKoord5=12.22021100
YKoord5=47.36006900
XKoord6=12.21982800
YKoord6=47.35922500
XKoord7=12.21938800
YKoord7=47.35797700
XKoord8=12.21945000
YKoord8=47.35696200
XKoord9=12.21959600
YKoord9=47.35664300
XKoord10=12.22029400
YKoord10=47.35615100
XKoord11=12.22034700
YKoord11=47.35538500
XKoord12=12.21985500
YKoord12=47.35600600
XKoord13=12.21941000
YKoord13=47.35631100
XKoord14=12.21892100
YKoord14=47.35643700
XKoord15=12.21854100
YKoord15=47.35617800
XKoord16=12.21854200
YKoord16=47.35563800
XKoord17=12.21775500
YKoord17=47.35577200
XKoord18=12.21700000
YKoord18=47.35642400
XKoord19=12.21578000
YKoord19=47.35650300
XKoord20=12.21501600
YKoord20=47.35645700
XKoord21=12.21318400
YKoord21=47.35668200
XKoord22=12.21209600
YKoord22=47.35743900
XKoord23=12.21178200
YKoord23=47.35717800
XKoord24=12.21175700
YKoord24=47.35663200
XKoord25=12.21187900
YKoord25=47.35590900
XKoord26=12.21154200
YKoord26=47.35526600
XKoord27=12.21082500
YKoord27=47.35490300
XKoord28=12.21080400
YKoord28=47.35564600
XKoord29=12.20980000
YKoord29=47.35561300
XKoord30=12.20808900
YKoord30=47.35633600
XKoord31=12.20634400
YKoord31=47.35649800
XKoord32=12.20410900
YKoord32=47.35622300
XKoord33=12.20175800
YKoord33=47.35568100
XKoord34=12.19975200
YKoord34=47.35615400
XKoord35=12.19869800
YKoord35=47.35625100
XKoord36=12.19789000
YKoord36=47.35656600
XKoord37=12.19631000
YKoord37=47.35672200
XKoord38=12.19525500
YKoord38=47.35679700
XKoord39=12.19429200
YKoord39=47.35675600
XKoord40=12.19303000
YKoord40=47.35724100
XKoord41=12.18990700
YKoord41=47.35816100
XKoord42=12.18744500
YKoord42=47.35849900
XKoord43=12.18571800
YKoord43=47.35897500
XKoord44=12.18327000
YKoord44=47.35899800
XKoord45=12.17899700
YKoord45=47.35952200
XKoord46=12.17783900
YKoord46=47.35953100
XKoord47=12.17610500
YKoord47=47.35879200
XKoord48=12.17619700
YKoord48=47.35755200
[Overlay]
Symbols=1
[MapLage]
MapName=ÖK50-West
DimmFc=100
ZoomFc=100
CenterLat=47.36879700
CenterLong=12.22186800
RefOn=1
RefLat=47.36879700
RefLong=12.22186800
