[Symbol 1]
Typ=3
Group=1
Col=8
Zoom=1
Size=105
Art=1
Punkte=29
XKoord0=12.05025600
YKoord0=47.22997900
XKoord1=12.05110200
YKoord1=47.23038400
XKoord2=12.05248500
YKoord2=47.23002100
XKoord3=12.05389000
YKoord3=47.23033200
XKoord4=12.05593600
YKoord4=47.23115500
XKoord5=12.05687700
YKoord5=47.23144500
XKoord6=12.05801100
YKoord6=47.23159400
XKoord7=12.06048400
YKoord7=47.23323800
XKoord8=12.06115600
YKoord8=47.23400800
XKoord9=12.06464000
YKoord9=47.23427400
XKoord10=12.06612300
YKoord10=47.23421200
XKoord11=12.07041100
YKoord11=47.23353500
XKoord12=12.07142000
YKoord12=47.23328300
XKoord13=12.07056300
YKoord13=47.23274300
XKoord14=12.07258200
YKoord14=47.23223900
XKoord15=12.07359700
YKoord15=47.23095200
XKoord16=12.07471400
YKoord16=47.23026900
XKoord17=12.07613400
YKoord17=47.22912900
XKoord18=12.07756200
YKoord18=47.22812300
XKoord19=12.08106500
YKoord19=47.22793900
XKoord20=12.08403200
YKoord20=47.22612700
XKoord21=12.08433400
YKoord21=47.22508400
XKoord22=12.08328900
YKoord22=47.22414500
XKoord23=12.08259300
YKoord23=47.22353400
XKoord24=12.08166800
YKoord24=47.22214600
XKoord25=12.08266700
YKoord25=47.21831700
XKoord26=12.08282800
YKoord26=47.21653500
XKoord27=12.08359900
YKoord27=47.21559200
XKoord28=12.08618300
YKoord28=47.21516200
[Overlay]
Symbols=1
[MapLage]
MapName=ÖK50-West
DimmFc=100
ZoomFc=100
CenterLat=47.22997900
CenterLong=12.05025600
RefOn=1
RefLat=47.22997900
RefLong=12.05025600
