[Symbol 1]
Typ=3
Group=1
Col=8
Zoom=1
Size=105
Art=1
Punkte=31
XKoord0=12.13413500
YKoord0=47.39266800
XKoord1=12.13258500
YKoord1=47.39334100
XKoord2=12.13201900
YKoord2=47.39385100
XKoord3=12.12833200
YKoord3=47.39314200
XKoord4=12.12189100
YKoord4=47.39178800
XKoord5=12.11986400
YKoord5=47.39224800
XKoord6=12.11630000
YKoord6=47.39248000
XKoord7=12.11518600
YKoord7=47.39381500
XKoord8=12.11454500
YKoord8=47.39419300
XKoord9=12.11345500
YKoord9=47.39368200
XKoord10=12.11249700
YKoord10=47.39316800
XKoord11=12.11045700
YKoord11=47.39340400
XKoord12=12.10737900
YKoord12=47.39402700
XKoord13=12.10583900
YKoord13=47.39375400
XKoord14=12.10380900
YKoord14=47.39304400
XKoord15=12.10226900
YKoord15=47.39277100
XKoord16=12.10024700
YKoord16=47.39219600
XKoord17=12.09767300
YKoord17=47.39123000
XKoord18=12.09568800
YKoord18=47.39015900
XKoord19=12.09324400
YKoord19=47.38914500
XKoord20=12.09183100
YKoord20=47.38877900
XKoord21=12.09067700
YKoord21=47.38831500
XKoord22=12.08957700
YKoord22=47.38762400
XKoord23=12.08813800
YKoord23=47.38680800
XKoord24=12.08732300
YKoord24=47.38647000
XKoord25=12.08645500
YKoord25=47.38635900
XKoord26=12.08553200
YKoord26=47.38642900
XKoord27=12.08402900
YKoord27=47.38678400
XKoord28=12.08282500
YKoord28=47.38659200
XKoord29=12.08462200
YKoord29=47.38559800
XKoord30=12.08541000
YKoord30=47.38548700
[Overlay]
Symbols=1
[MapLage]
MapName=ÖK50-West
DimmFc=100
ZoomFc=100
CenterLat=47.39266800
CenterLong=12.13413500
RefOn=1
RefLat=47.39266800
RefLong=12.13413500
