[Symbol 1]
Typ=3
Group=1
Col=8
Zoom=1
Size=105
Art=1
Punkte=50
XKoord0=12.15912900
YKoord0=47.33270400
XKoord1=12.16030600
YKoord1=47.33221800
XKoord2=12.16039500
YKoord2=47.33088900
XKoord3=12.16283300
YKoord3=47.32768900
XKoord4=12.16357700
YKoord4=47.32731800
XKoord5=12.16175500
YKoord5=47.32598200
XKoord6=12.16084600
YKoord6=47.32465900
XKoord7=12.15938500
YKoord7=47.32440200
XKoord8=12.15762300
YKoord8=47.32311100
XKoord9=12.15606400
YKoord9=47.32278300
XKoord10=12.15181900
YKoord10=47.32264700
XKoord11=12.15010300
YKoord11=47.32219800
XKoord12=12.14922300
YKoord12=47.32068300
XKoord13=12.14948400
YKoord13=47.31883100
XKoord14=12.15264200
YKoord14=47.31739900
XKoord15=12.15357600
YKoord15=47.31804500
XKoord16=12.15603700
YKoord16=47.31757600
XKoord17=12.15716400
YKoord17=47.31626400
XKoord18=12.15401400
YKoord18=47.31497600
XKoord19=12.15085900
YKoord19=47.31019800
XKoord20=12.15108700
YKoord20=47.30927800
XKoord21=12.14985800
YKoord21=47.30779200
XKoord22=12.14515800
YKoord22=47.30551100
XKoord23=12.14319700
YKoord23=47.30372300
XKoord24=12.14134200
YKoord24=47.30255900
XKoord25=12.14001100
YKoord25=47.30241500
XKoord26=12.13950300
YKoord26=47.30166400
XKoord27=12.13802600
YKoord27=47.30130000
XKoord28=12.13696400
YKoord28=47.30123900
XKoord29=12.13582800
YKoord29=47.30104500
XKoord30=12.13527600
YKoord30=47.30065500
XKoord31=12.13390000
YKoord31=47.30087300
XKoord32=12.13277700
YKoord32=47.30090400
XKoord33=12.13225900
YKoord33=47.30109800
XKoord34=12.13140300
YKoord34=47.30116600
XKoord35=12.13041500
YKoord35=47.30123800
XKoord36=12.12921900
YKoord36=47.30113600
XKoord37=12.12565200
YKoord37=47.30010800
XKoord38=12.12193300
YKoord38=47.29985000
XKoord39=12.12032100
YKoord39=47.29944400
XKoord40=12.11799700
YKoord40=47.30040700
XKoord41=12.11519400
YKoord41=47.30111300
XKoord42=12.11295900
YKoord42=47.30135400
XKoord43=12.11129500
YKoord43=47.30117400
XKoord44=12.10975200
YKoord44=47.30081100
XKoord45=12.10871800
YKoord45=47.30065900
XKoord46=12.10743800
YKoord46=47.30082900
XKoord47=12.10643000
YKoord47=47.30056400
XKoord48=12.10629200
YKoord48=47.29989300
XKoord49=12.10592100
YKoord49=47.29920500
[Overlay]
Symbols=1
[MapLage]
MapName=ÖK50-West
DimmFc=100
ZoomFc=100
CenterLat=47.33270400
CenterLong=12.15912900
RefOn=1
RefLat=47.33270400
RefLong=12.15912900
