[Symbol 1]
Typ=3
Group=1
Col=8
Zoom=1
Size=105
Art=1
Punkte=55
XKoord0=12.07266000
YKoord0=47.32252900
XKoord1=12.07189700
YKoord1=47.32079500
XKoord2=12.07123500
YKoord2=47.31964200
XKoord3=12.07000900
YKoord3=47.31904500
XKoord4=12.06878600
YKoord4=47.31849300
XKoord5=12.06829000
YKoord5=47.31792200
XKoord6=12.06696900
YKoord6=47.31795700
XKoord7=12.06596600
YKoord7=47.31663400
XKoord8=12.06352500
YKoord8=47.31561900
XKoord9=12.06061500
YKoord9=47.31335700
XKoord10=12.06044700
YKoord10=47.31273200
XKoord11=12.05705300
YKoord11=47.31124800
XKoord12=12.05626900
YKoord12=47.31027900
XKoord13=12.05433900
YKoord13=47.30893500
XKoord14=12.05322300
YKoord14=47.30793000
XKoord15=12.05312300
YKoord15=47.30734800
XKoord16=12.05092500
YKoord16=47.30479700
XKoord17=12.04980100
YKoord17=47.30365700
XKoord18=12.04955700
YKoord18=47.30285300
XKoord19=12.04986600
YKoord19=47.30248500
XKoord20=12.04885100
YKoord20=47.30093700
XKoord21=12.04881200
YKoord21=47.30026300
XKoord22=12.04963200
YKoord22=47.29956600
XKoord23=12.04969200
YKoord23=47.29830500
XKoord24=12.04951900
YKoord24=47.29677800
XKoord25=12.04998300
YKoord25=47.29564100
XKoord26=12.04903600
YKoord26=47.29413600
XKoord27=12.04829500
YKoord27=47.29159100
XKoord28=12.04827200
YKoord28=47.29118700
XKoord29=12.04754300
YKoord29=47.29116100
XKoord30=12.04753400
YKoord30=47.28985700
XKoord31=12.04730700
YKoord31=47.28936800
XKoord32=12.04643300
YKoord32=47.28912100
XKoord33=12.04614300
YKoord33=47.28867900
XKoord34=12.04676200
YKoord34=47.28794200
XKoord35=12.04792200
YKoord35=47.28741600
XKoord36=12.04814400
YKoord36=47.28781500
XKoord37=12.05001500
YKoord37=47.28700100
XKoord38=12.05087000
YKoord38=47.28693300
XKoord39=12.05077900
YKoord39=47.28648500
XKoord40=12.05156300
YKoord40=47.28633000
XKoord41=12.05223800
YKoord41=47.28541200
XKoord42=12.05197200
YKoord42=47.28424900
XKoord43=12.05004400
YKoord43=47.28290500
XKoord44=12.04911600
YKoord44=47.28171500
XKoord45=12.04795400
YKoord45=47.28107100
XKoord46=12.04753500
YKoord46=47.28067700
XKoord47=12.04720400
YKoord47=47.27951600
XKoord48=12.04748500
YKoord48=47.27865400
XKoord49=12.04661000
YKoord49=47.27723700
XKoord50=12.04628400
YKoord50=47.27616600
XKoord51=12.04585800
YKoord51=47.27451200
XKoord52=12.04500200
YKoord52=47.27341000
XKoord53=12.04417900
YKoord53=47.27289200
XKoord54=12.04351300
YKoord54=47.27282000
[Overlay]
Symbols=1
[MapLage]
MapName=ÖK50-West
DimmFc=100
ZoomFc=100
CenterLat=47.32252900
CenterLong=12.07266000
RefOn=1
RefLat=47.32252900
RefLong=12.07266000
