[Symbol 1]
Typ=3
Group=1
Col=8
Zoom=1
Size=105
Art=1
Punkte=47
XKoord0=12.07277200
YKoord0=47.32274200
XKoord1=12.07358100
YKoord1=47.32299000
XKoord2=12.07367500
YKoord2=47.32233500
XKoord3=12.07401500
YKoord3=47.32192100
XKoord4=12.07439800
YKoord4=47.32224800
XKoord5=12.07487000
YKoord5=47.32183100
XKoord6=12.07661900
YKoord6=47.32117600
XKoord7=12.07720400
YKoord7=47.32100300
XKoord8=12.07880400
YKoord8=47.31893500
XKoord9=12.07976800
YKoord9=47.31787400
XKoord10=12.08281700
YKoord10=47.31626200
XKoord11=12.08441900
YKoord11=47.31536400
XKoord12=12.08493600
YKoord12=47.31458500
XKoord13=12.08508100
YKoord13=47.31365900
XKoord14=12.08582000
YKoord14=47.31271700
XKoord15=12.08757100
YKoord15=47.31154400
XKoord16=12.08814000
YKoord16=47.31051700
XKoord17=12.08889900
YKoord17=47.30950500
XKoord18=12.08885900
YKoord18=47.30768400
XKoord19=12.08856000
YKoord19=47.30708500
XKoord20=12.08888400
YKoord20=47.30640100
XKoord21=12.08799700
YKoord21=47.30480500
XKoord22=12.08826500
YKoord22=47.30430300
XKoord23=12.08776200
YKoord23=47.30361900
XKoord24=12.08794600
YKoord24=47.30280400
XKoord25=12.08728000
YKoord25=47.30214700
XKoord26=12.08573800
YKoord26=47.29953400
XKoord27=12.08607500
YKoord27=47.29963700
XKoord28=12.08454400
YKoord28=47.29720400
XKoord29=12.08306700
YKoord29=47.29454400
XKoord30=12.07964700
YKoord30=47.29049500
XKoord31=12.07709800
YKoord31=47.28703100
XKoord32=12.07524400
YKoord32=47.28413300
XKoord33=12.07441100
YKoord33=47.28289600
XKoord34=12.07405200
YKoord34=47.28126300
XKoord35=12.07385300
YKoord35=47.27953600
XKoord36=12.07289200
YKoord36=47.27893200
XKoord37=12.07179300
YKoord37=47.27878200
XKoord38=12.06939500
YKoord38=47.27904800
XKoord39=12.06777100
YKoord39=47.27956400
XKoord40=12.06719200
YKoord40=47.28097500
XKoord41=12.06697500
YKoord41=47.28185800
XKoord42=12.06617400
YKoord42=47.28287000
XKoord43=12.06497400
YKoord43=47.28384700
XKoord44=12.06430800
YKoord44=47.28485400
XKoord45=12.06254300
YKoord45=47.28577900
XKoord46=12.06218300
YKoord46=47.28641800
[Overlay]
Symbols=1
[MapLage]
MapName=ÖK50-West
DimmFc=100
ZoomFc=100
CenterLat=47.32274200
CenterLong=12.07277200
RefOn=1
RefLat=47.32274200
RefLong=12.07277200
