[Symbol 1]
Typ=3
Group=1
Col=8
Zoom=1
Size=105
Art=1
Punkte=49
XKoord0=12.14832200
YKoord0=47.35109200
XKoord1=12.14911700
YKoord1=47.35165500
XKoord2=12.14926000
YKoord2=47.35239400
XKoord3=12.14933700
YKoord3=47.35257200
XKoord4=12.14948900
YKoord4=47.35234300
XKoord5=12.14952200
YKoord5=47.35067700
XKoord6=12.14946000
YKoord6=47.35018400
XKoord7=12.14963100
YKoord7=47.34972900
XKoord8=12.15002900
YKoord8=47.34917800
XKoord9=12.14997200
YKoord9=47.34989900
XKoord10=12.15024400
YKoord10=47.35056700
XKoord11=12.15041300
YKoord11=47.35063000
XKoord12=12.15037000
YKoord12=47.34991100
XKoord13=12.15099200
YKoord13=47.35034400
XKoord14=12.15125300
YKoord14=47.35083200
XKoord15=12.15160000
YKoord15=47.35055200
XKoord16=12.15157400
YKoord16=47.34956300
XKoord17=12.15250200
YKoord17=47.35068500
XKoord18=12.15284900
YKoord18=47.35150800
XKoord19=12.15331700
YKoord19=47.35158500
XKoord20=12.15396600
YKoord20=47.35080200
XKoord21=12.15519100
YKoord21=47.35025100
XKoord22=12.15594400
YKoord22=47.34955500
XKoord23=12.15709700
YKoord23=47.35001800
XKoord24=12.15817300
YKoord24=47.34974100
XKoord25=12.15860200
YKoord25=47.34916700
XKoord26=12.15936200
YKoord26=47.34914600
XKoord27=12.15987600
YKoord27=47.34998700
XKoord28=12.16044600
YKoord28=47.35128100
XKoord29=12.16046200
YKoord29=47.35265300
XKoord30=12.16055600
YKoord30=47.35368500
XKoord31=12.16114800
YKoord31=47.35416400
XKoord32=12.16281100
YKoord32=47.35429800
XKoord33=12.16492700
YKoord33=47.35418900
XKoord34=12.16753900
YKoord34=47.35411700
XKoord35=12.16949600
YKoord35=47.35437400
XKoord36=12.17104600
YKoord36=47.35427300
XKoord37=12.17213500
YKoord37=47.35422000
XKoord38=12.17333800
YKoord38=47.35441200
XKoord39=12.17415300
YKoord39=47.35474900
XKoord40=12.17561400
YKoord40=47.35425900
XKoord41=12.17598000
YKoord41=47.35372400
XKoord42=12.17692100
YKoord42=47.35340600
XKoord43=12.17703400
YKoord43=47.35308600
XKoord44=12.17703400
YKoord44=47.35254600
XKoord45=12.17705000
YKoord45=47.35171300
XKoord46=12.17687000
YKoord46=47.35036800
XKoord47=12.17721700
YKoord47=47.34952600
XKoord48=12.17822900
YKoord48=47.34873300
[Overlay]
Symbols=1
[MapLage]
MapName=ÖK50-West
DimmFc=100
ZoomFc=100
CenterLat=47.35109200
CenterLong=12.14832200
RefOn=1
RefLat=47.35109200
RefLong=12.14832200
