[Symbol 1]
Typ=3
Group=1
Col=8
Zoom=1
Size=105
Art=1
Punkte=50
XKoord0=12.07280700
YKoord0=47.32255800
XKoord1=12.07204700
YKoord1=47.32086800
XKoord2=12.07068800
YKoord2=47.31910500
XKoord3=12.06894100
YKoord3=47.31865700
XKoord4=12.06817500
YKoord4=47.31800200
XKoord5=12.06671200
YKoord5=47.31786100
XKoord6=12.06598300
YKoord6=47.31671100
XKoord7=12.06333900
YKoord7=47.31561200
XKoord8=12.05731000
YKoord8=47.31433300
XKoord9=12.05699900
YKoord9=47.31353100
XKoord10=12.05683200
YKoord10=47.31407600
XKoord11=12.05613300
YKoord11=47.31342000
XKoord12=12.05612100
YKoord12=47.31436500
XKoord13=12.05557700
YKoord13=47.31410900
XKoord14=12.05526300
YKoord14=47.31438800
XKoord15=12.05465500
YKoord15=47.31417900
XKoord16=12.05440900
YKoord16=47.31450100
XKoord17=12.05347600
YKoord17=47.31439000
XKoord18=12.05305000
YKoord18=47.31503200
XKoord19=12.05148700
YKoord19=47.31430800
XKoord20=12.04816300
YKoord20=47.31403700
XKoord21=12.04566300
YKoord21=47.31428400
XKoord22=12.04343400
YKoord22=47.31348800
XKoord23=12.04416700
YKoord23=47.31243300
XKoord24=12.04315200
YKoord24=47.31088600
XKoord25=12.04084100
YKoord25=47.30982200
XKoord26=12.03944500
YKoord26=47.30855400
XKoord27=12.03740700
YKoord27=47.30761800
XKoord28=12.03692100
YKoord28=47.30605600
XKoord29=12.03442500
YKoord29=47.30522300
XKoord30=12.03015100
YKoord30=47.30452600
XKoord31=12.03009800
YKoord31=47.30475200
XKoord32=12.02908200
YKoord32=47.30432900
XKoord33=12.02890900
YKoord33=47.30478400
XKoord34=12.02817800
YKoord34=47.30471300
XKoord35=12.02759900
YKoord35=47.30499800
XKoord36=12.02599800
YKoord36=47.30477100
XKoord37=12.02445600
YKoord37=47.30440700
XKoord38=12.02403200
YKoord38=47.30339400
XKoord39=12.02302400
YKoord39=47.30310600
XKoord40=12.02299800
YKoord40=47.30265600
XKoord41=12.02139700
YKoord41=47.30242900
XKoord42=12.02050800
YKoord42=47.30191200
XKoord43=12.01868100
YKoord43=47.30119500
XKoord44=12.01873100
YKoord44=47.29975400
XKoord45=12.01905300
YKoord45=47.29844100
XKoord46=12.01946700
YKoord46=47.29757500
XKoord47=12.01803400
YKoord47=47.29680300
XKoord48=12.01712700
YKoord48=47.29597200
XKoord49=12.01659600
YKoord49=47.29594100
[Overlay]
Symbols=1
[MapLage]
MapName=ÖK50-West
DimmFc=100
ZoomFc=100
CenterLat=47.32255800
CenterLong=12.07280700
RefOn=1
RefLat=47.32255800
RefLong=12.07280700
