[Symbol 1]
Typ=3
Group=1
Col=8
Zoom=1
Size=105
Art=1
Punkte=50
XKoord0=12.15912900
YKoord0=47.33270400
XKoord1=12.16030600
YKoord1=47.33221800
XKoord2=12.16039500
YKoord2=47.33088900
XKoord3=12.16283300
YKoord3=47.32768900
XKoord4=12.16357700
YKoord4=47.32731800
XKoord5=12.16175500
YKoord5=47.32598200
XKoord6=12.16084600
YKoord6=47.32465900
XKoord7=12.15938500
YKoord7=47.32440200
XKoord8=12.15762300
YKoord8=47.32311100
XKoord9=12.15606400
YKoord9=47.32278300
XKoord10=12.15181900
YKoord10=47.32264700
XKoord11=12.15010300
YKoord11=47.32219800
XKoord12=12.14922300
YKoord12=47.32068300
XKoord13=12.14948400
YKoord13=47.31883100
XKoord14=12.15264200
YKoord14=47.31739900
XKoord15=12.15357600
YKoord15=47.31804500
XKoord16=12.15603700
YKoord16=47.31757600
XKoord17=12.15716400
YKoord17=47.31626400
XKoord18=12.15401400
YKoord18=47.31497600
XKoord19=12.15085900
YKoord19=47.31019800
XKoord20=12.15108700
YKoord20=47.30927800
XKoord21=12.14985800
YKoord21=47.30779200
XKoord22=12.14769300
YKoord22=47.30671400
XKoord23=12.14425000
YKoord23=47.30275800
XKoord24=12.14284500
YKoord24=47.30194200
XKoord25=12.14281500
YKoord25=47.30142500
XKoord26=12.14320400
YKoord26=47.30074000
XKoord27=12.14271100
YKoord27=47.29967300
XKoord28=12.14240700
YKoord28=47.29900700
XKoord29=12.14106000
YKoord29=47.29749100
XKoord30=12.14051100
YKoord30=47.29660600
XKoord31=12.13740000
YKoord31=47.29599400
XKoord32=12.13675600
YKoord32=47.29518000
XKoord33=12.13634900
YKoord33=47.29388600
XKoord34=12.13466500
YKoord34=47.29336900
XKoord35=12.13389300
YKoord35=47.29262600
XKoord36=12.13147500
YKoord36=47.29311900
XKoord37=12.12801000
YKoord37=47.29341600
XKoord38=12.12522200
YKoord38=47.29268200
XKoord39=12.12127200
YKoord39=47.29186800
XKoord40=12.11789600
YKoord40=47.29236500
XKoord41=12.11557300
YKoord41=47.29222500
XKoord42=12.11511200
YKoord42=47.29113600
XKoord43=12.11371200
YKoord43=47.29094900
XKoord44=12.11119000
YKoord44=47.29079200
XKoord45=12.10904000
YKoord45=47.29078300
XKoord46=12.10848100
YKoord46=47.29140600
XKoord47=12.10789300
YKoord47=47.29209700
XKoord48=12.10759200
YKoord48=47.29260000
XKoord49=12.10705300
YKoord49=47.29299700
[Overlay]
Symbols=1
[MapLage]
MapName=ÖK50-West
DimmFc=100
ZoomFc=100
CenterLat=47.33270400
CenterLong=12.15912900
RefOn=1
RefLat=47.33270400
RefLong=12.15912900
