[Symbol 1]
Typ=3
Group=1
Col=8
Zoom=1
Size=105
Art=1
Punkte=70
XKoord0=12.16049600
YKoord0=47.33203600
XKoord1=12.16067400
YKoord1=47.33059100
XKoord2=12.16196900
YKoord2=47.32900300
XKoord3=12.16314000
YKoord3=47.32755300
XKoord4=12.16353500
YKoord4=47.32695800
XKoord5=12.16212100
YKoord5=47.32600700
XKoord6=12.16153200
YKoord6=47.32555000
XKoord7=12.16110400
YKoord7=47.32504500
XKoord8=12.15991900
YKoord8=47.32404300
XKoord9=12.15906800
YKoord9=47.32363900
XKoord10=12.15801600
YKoord10=47.32319500
XKoord11=12.15753500
YKoord11=47.32289300
XKoord12=12.15682500
YKoord12=47.32320600
XKoord13=12.15642200
YKoord13=47.32310400
XKoord14=12.15549200
YKoord14=47.32304000
XKoord15=12.15420000
YKoord15=47.32300800
XKoord16=12.15363400
YKoord16=47.32295600
XKoord17=12.15309000
YKoord17=47.32270100
XKoord18=12.15228300
YKoord18=47.32249800
XKoord19=12.15148900
YKoord19=47.32249800
XKoord20=12.15092900
YKoord20=47.32253500
XKoord21=12.15017700
YKoord21=47.32212900
XKoord22=12.14969600
YKoord22=47.32182700
XKoord23=12.14911100
YKoord23=47.32146100
XKoord24=12.14873700
YKoord24=47.32182800
XKoord25=12.14806400
YKoord25=47.32218400
XKoord26=12.14740200
YKoord26=47.32217900
XKoord27=12.14696000
YKoord27=47.32198900
XKoord28=12.14660000
YKoord28=47.32150400
XKoord29=12.14624900
YKoord29=47.32115300
XKoord30=12.14515700
YKoord30=47.32116100
XKoord31=12.14162300
YKoord31=47.32128400
XKoord32=12.13948000
YKoord32=47.32066200
XKoord33=12.13907200
YKoord33=47.31990900
XKoord34=12.13915200
YKoord34=47.31902900
XKoord35=12.13987400
YKoord35=47.31838800
XKoord36=12.13934900
YKoord36=47.31734500
XKoord37=12.13995100
YKoord37=47.31577600
XKoord38=12.14016600
YKoord38=47.31493800
XKoord39=12.14103600
YKoord39=47.31398300
XKoord40=12.14169900
YKoord40=47.31288500
XKoord41=12.14100100
YKoord41=47.31171100
XKoord42=12.14067000
YKoord42=47.31003300
XKoord43=12.13995600
YKoord43=47.30915300
XKoord44=12.13882100
YKoord44=47.30841900
XKoord45=12.13777300
YKoord45=47.30860500
XKoord46=12.13679900
YKoord46=47.30946400
XKoord47=12.13529700
YKoord47=47.30979800
XKoord48=12.13385000
YKoord48=47.31051200
XKoord49=12.13337600
YKoord49=47.31088500
XKoord50=12.13268000
YKoord50=47.31142200
XKoord51=12.12950100
YKoord51=47.31191400
XKoord52=12.12844500
YKoord52=47.31309000
XKoord53=12.12799900
YKoord53=47.31393500
XKoord54=12.12732500
YKoord54=47.31429100
XKoord55=12.12613600
YKoord55=47.31488500
XKoord56=12.12454000
YKoord56=47.31474900
XKoord57=12.12417000
YKoord57=47.31408400
XKoord58=12.12406800
YKoord58=47.31347900
XKoord59=12.12248300
YKoord59=47.31352300
XKoord60=12.12132200
YKoord60=47.31402700
XKoord61=12.11897700
YKoord61=47.31409100
XKoord62=12.11847700
YKoord62=47.31459900
XKoord63=12.11782200
YKoord63=47.31470700
XKoord64=12.11782600
YKoord64=47.31533700
XKoord65=12.11755400
YKoord65=47.31520900
XKoord66=12.11764800
YKoord66=47.31567900
XKoord67=12.11714200
YKoord67=47.31551300
XKoord68=12.11660300
YKoord68=47.31591000
XKoord69=12.11553700
YKoord69=47.31525100
[Symbol 2]
Typ=6
Group=2
Width=20
Height=20
Dir=100
Art=1
Col=2
Zoom=1
Size=102
Area=2
XKoord=12.16057800
YKoord=47.33216800
[Overlay]
Symbols=2
[MapLage]
MapName=ÖK50-West
DimmFc=100
ZoomFc=100
CenterLat=47.33203600
CenterLong=12.16049600
RefOn=1
RefLat=47.33203600
RefLong=12.16049600
