[Symbol 1]
Typ=3
Group=1
Col=8
Zoom=1
Size=105
Art=1
Punkte=36
XKoord0=12.15912900
YKoord0=47.33270400
XKoord1=12.16030600
YKoord1=47.33221800
XKoord2=12.16039500
YKoord2=47.33088900
XKoord3=12.16283300
YKoord3=47.32768900
XKoord4=12.16357700
YKoord4=47.32731800
XKoord5=12.16175500
YKoord5=47.32598200
XKoord6=12.16084600
YKoord6=47.32465900
XKoord7=12.15938500
YKoord7=47.32440200
XKoord8=12.15762300
YKoord8=47.32311100
XKoord9=12.15606400
YKoord9=47.32278300
XKoord10=12.15181900
YKoord10=47.32264700
XKoord11=12.15010300
YKoord11=47.32219800
XKoord12=12.14922300
YKoord12=47.32068300
XKoord13=12.14948400
YKoord13=47.31883100
XKoord14=12.15264200
YKoord14=47.31739900
XKoord15=12.15357600
YKoord15=47.31804500
XKoord16=12.15603700
YKoord16=47.31757600
XKoord17=12.15716400
YKoord17=47.31626400
XKoord18=12.15401400
YKoord18=47.31497600
XKoord19=12.15085900
YKoord19=47.31019800
XKoord20=12.15108700
YKoord20=47.30927800
XKoord21=12.14985800
YKoord21=47.30779200
XKoord22=12.14631000
YKoord22=47.30769200
XKoord23=12.14283400
YKoord23=47.30819200
XKoord24=12.13770800
YKoord24=47.30878300
XKoord25=12.13364300
YKoord25=47.31051400
XKoord26=12.12936300
YKoord26=47.31198100
XKoord27=12.12622700
YKoord27=47.31490100
XKoord28=12.12435700
YKoord28=47.31459200
XKoord29=12.12408700
YKoord29=47.31338500
XKoord30=12.12178600
YKoord30=47.31362800
XKoord31=12.11877900
YKoord31=47.31425000
XKoord32=12.11749200
YKoord32=47.31487000
XKoord33=12.11694200
YKoord33=47.31564900
XKoord34=12.11547300
YKoord34=47.31541900
XKoord35=12.11497400
YKoord35=47.31480300
[Overlay]
Symbols=1
[MapLage]
MapName=ÖK50-West
DimmFc=100
ZoomFc=100
CenterLat=47.33270400
CenterLong=12.15912900
RefOn=1
RefLat=47.33270400
RefLong=12.15912900
