[Symbol 1]
Typ=3
Group=1
Col=8
Zoom=1
Size=105
Art=1
Punkte=78
XKoord0=12.07181300
YKoord0=47.32041600
XKoord1=12.07102700
YKoord1=47.31940200
XKoord2=12.06948100
YKoord2=47.31899300
XKoord3=12.06838000
YKoord3=47.31825800
XKoord4=12.06770300
YKoord4=47.31800600
XKoord5=12.06704300
YKoord5=47.31802400
XKoord6=12.06662800
YKoord6=47.31772000
XKoord7=12.06624600
YKoord7=47.31683000
XKoord8=12.06319500
YKoord8=47.31556200
XKoord9=12.05968700
YKoord9=47.31439600
XKoord10=12.05730100
YKoord10=47.31432400
XKoord11=12.05692100
YKoord11=47.31348000
XKoord12=12.05631000
YKoord12=47.31435100
XKoord13=12.05506600
YKoord13=47.31343900
XKoord14=12.05407400
YKoord14=47.31459100
XKoord15=12.05320500
YKoord15=47.31443400
XKoord16=12.05282400
YKoord16=47.31471400
XKoord17=12.05068200
YKoord17=47.31427600
XKoord18=12.04808500
YKoord18=47.31398500
XKoord19=12.04618200
YKoord19=47.31426100
XKoord20=12.04403400
YKoord20=47.31373300
XKoord21=12.04342400
YKoord21=47.31347900
XKoord22=12.04428700
YKoord22=47.31237600
XKoord23=12.04327200
YKoord23=47.31082900
XKoord24=12.04096100
YKoord24=47.30976500
XKoord25=12.03956500
YKoord25=47.30849700
XKoord26=12.03746100
YKoord26=47.30756300
XKoord27=12.03710400
YKoord27=47.30595300
XKoord28=12.03461100
YKoord28=47.30516400
XKoord29=12.03154400
YKoord29=47.30475000
XKoord30=12.02948100
YKoord30=47.30453500
XKoord31=12.02778700
YKoord31=47.30498500
XKoord32=12.02598800
YKoord32=47.30476200
XKoord33=12.02306000
YKoord33=47.30560400
XKoord34=12.02011000
YKoord34=47.30608700
XKoord35=12.01806500
YKoord35=47.30618600
XKoord36=12.01722200
YKoord36=47.30647800
XKoord37=12.01646400
YKoord37=47.30595800
XKoord38=12.01530400
YKoord38=47.30648400
XKoord39=12.01440900
YKoord39=47.30587700
XKoord40=12.01355600
YKoord40=47.30599000
XKoord41=12.01324600
YKoord41=47.30635800
XKoord42=12.01088100
YKoord42=47.30664500
XKoord43=12.01090600
YKoord43=47.30826400
XKoord44=12.01068300
YKoord44=47.30899000
XKoord45=12.00957300
YKoord45=47.30924400
XKoord46=12.00833600
YKoord46=47.31076200
XKoord47=12.00619100
YKoord47=47.31027800
XKoord48=12.00712600
YKoord48=47.30926400
XKoord49=12.00704700
YKoord49=47.30904100
XKoord50=12.00625500
YKoord50=47.30906200
XKoord51=12.00504000
YKoord51=47.30864400
XKoord52=12.00411300
YKoord52=47.30862300
XKoord53=12.00360200
YKoord53=47.30895100
XKoord54=12.00210300
YKoord54=47.30935000
XKoord55=12.00207200
YKoord55=47.30881100
XKoord56=12.00047500
YKoord56=47.30809200
XKoord57=11.99887600
YKoord57=47.30673900
XKoord58=11.99719400
YKoord58=47.30507300
XKoord59=11.99624200
YKoord59=47.30460300
XKoord60=11.99628500
YKoord60=47.30419700
XKoord61=11.99447900
YKoord61=47.30266900
XKoord62=11.99430800
YKoord62=47.30199900
XKoord63=11.99321600
YKoord63=47.30139700
XKoord64=11.99062800
YKoord64=47.29890000
XKoord65=11.99044200
YKoord65=47.29796000
XKoord66=11.98917200
YKoord66=47.29655300
XKoord67=11.98933000
YKoord67=47.29465900
XKoord68=11.98975200
YKoord68=47.29392800
XKoord69=11.98891100
YKoord69=47.29309500
XKoord70=11.98907900
YKoord70=47.29255100
XKoord71=11.98791800
YKoord71=47.29190600
XKoord72=11.98669900
YKoord72=47.29139800
XKoord73=11.98589900
YKoord73=47.29011400
XKoord74=11.98647900
YKoord74=47.28982900
XKoord75=11.98665100
YKoord75=47.28937500
XKoord76=11.98609500
YKoord76=47.28889400
XKoord77=11.98587200
YKoord77=47.28845000
[Overlay]
Symbols=1
[MapLage]
MapName=ÖK50-West
DimmFc=100
ZoomFc=100
CenterLat=47.32041600
CenterLong=12.07181300
RefOn=1
RefLat=47.32041600
RefLong=12.07181300
