[Symbol 1]
Typ=3
Group=1
Col=8
Zoom=1
Size=105
Art=1
Punkte=58
XKoord0=12.15979300
YKoord0=47.33245700
XKoord1=12.16066600
YKoord1=47.33212800
XKoord2=12.16066700
YKoord2=47.33048500
XKoord3=12.16236400
YKoord3=47.33174300
XKoord4=12.16245100
YKoord4=47.33126800
XKoord5=12.16165900
YKoord5=47.33046900
XKoord6=12.16235200
YKoord6=47.33043900
XKoord7=12.16297700
YKoord7=47.33092800
XKoord8=12.16321600
YKoord8=47.33133700
XKoord9=12.16399800
YKoord9=47.33140600
XKoord10=12.16380100
YKoord10=47.33032000
XKoord11=12.16340000
YKoord11=47.32970100
XKoord12=12.16327400
YKoord12=47.32952500
XKoord13=12.16371500
YKoord13=47.32944500
XKoord14=12.16522800
YKoord14=47.33067400
XKoord15=12.16549300
YKoord15=47.33094800
XKoord16=12.16715700
YKoord16=47.33138600
XKoord17=12.16999600
YKoord17=47.33126200
XKoord18=12.17221500
YKoord18=47.33101000
XKoord19=12.17466100
YKoord19=47.33069400
XKoord20=12.17754100
YKoord20=47.33012000
XKoord21=12.18084600
YKoord21=47.32894800
XKoord22=12.18430500
YKoord22=47.32813200
XKoord23=12.18655900
YKoord23=47.32678200
XKoord24=12.18975800
YKoord24=47.32496000
XKoord25=12.19173900
YKoord25=47.32375500
XKoord26=12.19131600
YKoord26=47.32112300
XKoord27=12.19068500
YKoord27=47.31868500
XKoord28=12.18783700
YKoord28=47.31754900
XKoord29=12.18205900
YKoord29=47.31609000
XKoord30=12.18033300
YKoord30=47.31600300
XKoord31=12.18300600
YKoord31=47.31862900
XKoord32=12.18470600
YKoord32=47.31939100
XKoord33=12.18504400
YKoord33=47.32172200
XKoord34=12.18395800
YKoord34=47.32346200
XKoord35=12.18403100
YKoord35=47.32467500
XKoord36=12.18305500
YKoord36=47.32825700
XKoord37=12.18221000
YKoord37=47.32850500
XKoord38=12.17760500
YKoord38=47.33007300
XKoord39=12.17650000
YKoord39=47.33041900
XKoord40=12.16988200
YKoord40=47.33129000
XKoord41=12.16722500
YKoord41=47.33139700
XKoord42=12.16549300
YKoord42=47.33094800
XKoord43=12.16366700
YKoord43=47.32946900
XKoord44=12.16329100
YKoord44=47.32954700
XKoord45=12.16331000
YKoord45=47.32957100
XKoord46=12.16381900
YKoord46=47.33035300
XKoord47=12.16393600
YKoord47=47.33091200
XKoord48=12.16391800
YKoord48=47.33143200
XKoord49=12.16321800
YKoord49=47.33135000
XKoord50=12.16296000
YKoord50=47.33090800
XKoord51=12.16227100
YKoord51=47.33046500
XKoord52=12.16169500
YKoord52=47.33051500
XKoord53=12.16245900
YKoord53=47.33138300
XKoord54=12.16236300
YKoord54=47.33172300
XKoord55=12.16066600
YKoord55=47.33045300
XKoord56=12.16065500
YKoord56=47.33222000
XKoord57=12.15977600
YKoord57=47.33245800
[Symbol 2]
Typ=6
Group=2
Width=20
Height=20
Dir=100
Art=1
Col=2
Zoom=1
Size=102
Area=2
XKoord=12.15971300
YKoord=47.33233600
[Overlay]
Symbols=2
[MapLage]
MapName=ÖK50-West
DimmFc=100
ZoomFc=100
CenterLat=47.33245700
CenterLong=12.15979300
RefOn=1
RefLat=47.33245700
RefLong=12.15979300
