[Symbol 1]
Typ=3
Group=1
Col=8
Zoom=1
Size=105
Art=1
Punkte=46
XKoord0=12.15912900
YKoord0=47.33270400
XKoord1=12.16030600
YKoord1=47.33221800
XKoord2=12.16039500
YKoord2=47.33088900
XKoord3=12.16283300
YKoord3=47.32768900
XKoord4=12.16357700
YKoord4=47.32731800
XKoord5=12.16175500
YKoord5=47.32598200
XKoord6=12.16084600
YKoord6=47.32465900
XKoord7=12.15938500
YKoord7=47.32440200
XKoord8=12.15762300
YKoord8=47.32311100
XKoord9=12.15606400
YKoord9=47.32278300
XKoord10=12.15181900
YKoord10=47.32264700
XKoord11=12.15010300
YKoord11=47.32219800
XKoord12=12.14922300
YKoord12=47.32068300
XKoord13=12.14948400
YKoord13=47.31883100
XKoord14=12.15264200
YKoord14=47.31739900
XKoord15=12.15357600
YKoord15=47.31804500
XKoord16=12.15603700
YKoord16=47.31757600
XKoord17=12.15716400
YKoord17=47.31626400
XKoord18=12.15401400
YKoord18=47.31497600
XKoord19=12.15085900
YKoord19=47.31019800
XKoord20=12.15108700
YKoord20=47.30927800
XKoord21=12.14985800
YKoord21=47.30779200
XKoord22=12.14515800
YKoord22=47.30551100
XKoord23=12.14392500
YKoord23=47.30312400
XKoord24=12.14360900
YKoord24=47.30031600
XKoord25=12.14254500
YKoord25=47.29935800
XKoord26=12.14158000
YKoord26=47.29917300
XKoord27=12.13993200
YKoord27=47.29926300
XKoord28=12.13843700
YKoord28=47.29970900
XKoord29=12.13726200
YKoord29=47.29996600
XKoord30=12.13607300
YKoord30=47.29999900
XKoord31=12.13465300
YKoord31=47.29998300
XKoord32=12.13375800
YKoord32=47.29999500
XKoord33=12.13241400
YKoord33=47.30015700
XKoord34=12.13137200
YKoord34=47.30048700
XKoord35=12.13095100
YKoord35=47.30063400
XKoord36=12.12977300
YKoord36=47.30084600
XKoord37=12.12749100
YKoord37=47.30191100
XKoord38=12.12454900
YKoord38=47.30250900
XKoord39=12.12139500
YKoord39=47.30286500
XKoord40=12.11838600
YKoord40=47.30400400
XKoord41=12.11643700
YKoord41=47.30516000
XKoord42=12.11574500
YKoord42=47.30576400
XKoord43=12.11523600
YKoord43=47.30611500
XKoord44=12.11498900
YKoord44=47.30641400
XKoord45=12.11473100
YKoord45=47.30653400
[Overlay]
Symbols=1
[MapLage]
MapName=ÖK50-West
DimmFc=100
ZoomFc=100
CenterLat=47.33270400
CenterLong=12.15912900
RefOn=1
RefLat=47.33270400
RefLong=12.15912900
