[Symbol 1]
Typ=3
Group=1
Col=8
Zoom=1
Size=105
Art=1
Punkte=37
XKoord0=12.16049600
YKoord0=47.33203600
XKoord1=12.16067400
YKoord1=47.33059100
XKoord2=12.16196900
YKoord2=47.32900300
XKoord3=12.16314000
YKoord3=47.32755300
XKoord4=12.16353500
YKoord4=47.32695800
XKoord5=12.16212100
YKoord5=47.32600700
XKoord6=12.16153200
YKoord6=47.32555000
XKoord7=12.16110400
YKoord7=47.32504500
XKoord8=12.15991900
YKoord8=47.32404300
XKoord9=12.15906800
YKoord9=47.32363900
XKoord10=12.15801600
YKoord10=47.32319500
XKoord11=12.15753500
YKoord11=47.32289300
XKoord12=12.15682500
YKoord12=47.32320600
XKoord13=12.15642200
YKoord13=47.32310400
XKoord14=12.15549200
YKoord14=47.32304000
XKoord15=12.15420000
YKoord15=47.32300800
XKoord16=12.15363400
YKoord16=47.32295600
XKoord17=12.15309000
YKoord17=47.32270100
XKoord18=12.15228300
YKoord18=47.32249800
XKoord19=12.15106700
YKoord19=47.32254800
XKoord20=12.14911700
YKoord20=47.32147700
XKoord21=12.14838700
YKoord21=47.32199200
XKoord22=12.14777000
YKoord22=47.32218900
XKoord23=12.14692900
YKoord23=47.32196500
XKoord24=12.14618900
YKoord24=47.32119800
XKoord25=12.14162300
YKoord25=47.32128400
XKoord26=12.13764900
YKoord26=47.32065000
XKoord27=12.13187000
YKoord27=47.32029100
XKoord28=12.12872300
YKoord28=47.31909500
XKoord29=12.12631900
YKoord29=47.31929500
XKoord30=12.12140600
YKoord30=47.32181400
XKoord31=12.12058500
YKoord31=47.32248900
XKoord32=12.12049900
YKoord32=47.32327900
XKoord33=12.12052900
YKoord33=47.32377300
XKoord34=12.12083300
YKoord34=47.32444000
XKoord35=12.12122900
YKoord35=47.32499100
XKoord36=12.12140500
YKoord36=47.32516700
[Symbol 2]
Typ=6
Group=2
Width=20
Height=20
Dir=100
Art=1
Col=2
Zoom=1
Size=102
Area=2
XKoord=12.16057800
YKoord=47.33216800
[Overlay]
Symbols=2
[MapLage]
MapName=ÖK50-West
DimmFc=100
ZoomFc=100
CenterLat=47.33203600
CenterLong=12.16049600
RefOn=1
RefLat=47.33203600
RefLong=12.16049600
