[Symbol 1]
Typ=3
Group=1
Col=8
Zoom=1
Size=105
Art=1
Punkte=37
XKoord0=12.15977100
YKoord0=47.33251000
XKoord1=12.16063200
YKoord1=47.33218200
XKoord2=12.16067900
YKoord2=47.33043300
XKoord3=12.16153400
YKoord3=47.33105800
XKoord4=12.16238500
YKoord4=47.33178000
XKoord5=12.16245400
YKoord5=47.33136800
XKoord6=12.16219200
YKoord6=47.33101100
XKoord7=12.16165700
YKoord7=47.33052100
XKoord8=12.16226800
YKoord8=47.33047200
XKoord9=12.16299000
YKoord9=47.33096700
XKoord10=12.16325100
YKoord10=47.33132400
XKoord11=12.16389900
YKoord11=47.33146700
XKoord12=12.16392300
YKoord12=47.33102200
XKoord13=12.16381700
YKoord13=47.33038300
XKoord14=12.16329800
YKoord14=47.32957500
XKoord15=12.16363100
YKoord15=47.32948800
XKoord16=12.16498200
YKoord16=47.33047600
XKoord17=12.16556500
YKoord17=47.33093600
XKoord18=12.16723100
YKoord18=47.33139800
XKoord19=12.17155500
YKoord19=47.33121000
XKoord20=12.17448500
YKoord20=47.33094900
XKoord21=12.17580100
YKoord21=47.33082300
XKoord22=12.17645700
YKoord22=47.33073700
XKoord23=12.17665800
YKoord23=47.33131600
XKoord24=12.18148200
YKoord24=47.33085100
XKoord25=12.18465100
YKoord25=47.33108800
XKoord26=12.18647700
YKoord26=47.33196000
XKoord27=12.18701400
YKoord27=47.33331000
XKoord28=12.18703600
YKoord28=47.33464700
XKoord29=12.18707900
YKoord29=47.33582400
XKoord30=12.18720200
YKoord30=47.33732800
XKoord31=12.18713200
YKoord31=47.33836500
XKoord32=12.18754500
YKoord32=47.33916300
XKoord33=12.18757600
YKoord33=47.33968000
XKoord34=12.18797600
YKoord34=47.34027600
XKoord35=12.18857500
YKoord35=47.34092100
XKoord36=12.18999900
YKoord36=47.34143300
[Overlay]
Symbols=1
[MapLage]
MapName=ÖK50-West
DimmFc=100
ZoomFc=100
CenterLat=47.33251000
CenterLong=12.15977100
RefOn=1
RefLat=47.33251000
RefLong=12.15977100
