[Symbol 1]
Typ=3
Group=1
Col=8
Zoom=1
Size=105
Art=1
Punkte=63
XKoord0=12.07263700
YKoord0=47.32243900
XKoord1=12.07182000
YKoord1=47.32105200
XKoord2=12.07143600
YKoord2=47.31999600
XKoord3=12.07101000
YKoord3=47.31963300
XKoord4=12.07018300
YKoord4=47.31907100
XKoord5=12.06905200
YKoord5=47.31896600
XKoord6=12.06814100
YKoord6=47.31809000
XKoord7=12.06694700
YKoord7=47.31803200
XKoord8=12.06574200
YKoord8=47.31650400
XKoord9=12.06272600
YKoord9=47.31469500
XKoord10=12.06086500
YKoord10=47.31339500
XKoord11=12.06083900
YKoord11=47.31294500
XKoord12=12.05846400
YKoord12=47.31192900
XKoord13=12.05680900
YKoord13=47.31075800
XKoord14=12.05623600
YKoord14=47.31000900
XKoord15=12.05195000
YKoord15=47.30796300
XKoord16=12.05021100
YKoord16=47.30648000
XKoord17=12.04933700
YKoord17=47.30623300
XKoord18=12.04896500
YKoord18=47.30552300
XKoord19=12.04571000
YKoord19=47.30343500
XKoord20=12.04513400
YKoord20=47.30376500
XKoord21=12.04543400
YKoord21=47.30438700
XKoord22=12.04469000
YKoord22=47.30409200
XKoord23=12.04417000
YKoord23=47.30380600
XKoord24=12.04276400
YKoord24=47.30235800
XKoord25=12.04075000
YKoord25=47.30070200
XKoord26=12.03887900
YKoord26=47.29922100
XKoord27=12.03793400
YKoord27=47.29888700
XKoord28=12.03625400
YKoord28=47.29726600
XKoord29=12.03522600
YKoord29=47.29549400
XKoord30=12.03524900
YKoord30=47.29472800
XKoord31=12.03510100
YKoord31=47.29345800
XKoord32=12.03397600
YKoord32=47.29294600
XKoord33=12.03218200
YKoord33=47.29164400
XKoord34=12.03147500
YKoord34=47.29049300
XKoord35=12.03121000
YKoord35=47.28933100
XKoord36=12.03140500
YKoord36=47.28811000
XKoord37=12.03219400
YKoord37=47.28687500
XKoord38=12.03127500
YKoord38=47.28734800
XKoord39=12.03144400
YKoord39=47.28645800
XKoord40=12.03120300
YKoord40=47.28573100
XKoord41=12.03081100
YKoord41=47.28466100
XKoord42=12.03043500
YKoord42=47.28383000
XKoord43=12.02972300
YKoord43=47.28294800
XKoord44=12.02731200
YKoord44=47.28125700
XKoord45=12.02616100
YKoord45=47.28001400
XKoord46=12.02475100
YKoord46=47.27847600
XKoord47=12.02358700
YKoord47=47.27778700
XKoord48=12.02168800
YKoord48=47.27693700
XKoord49=12.01948600
YKoord49=47.27659000
XKoord50=12.01763500
YKoord50=47.27659400
XKoord51=12.01638600
YKoord51=47.27671700
XKoord52=12.01431100
YKoord52=47.27627700
XKoord53=12.01290200
YKoord53=47.27590900
XKoord54=12.01122100
YKoord54=47.27541300
XKoord55=12.00960300
YKoord55=47.27487100
XKoord56=12.00751100
YKoord56=47.27528600
XKoord57=12.00685100
YKoord57=47.27413300
XKoord58=12.00614700
YKoord58=47.27338700
XKoord59=12.00563900
YKoord59=47.27259000
XKoord60=12.00515400
YKoord60=47.27219800
XKoord61=12.00460600
YKoord61=47.27185200
XKoord62=12.00405000
YKoord62=47.27137200
[Symbol 2]
Typ=6
Group=2
Width=20
Height=20
Dir=100
Art=1
Col=2
Zoom=1
Size=102
Area=2
XKoord=12.07277200
YKoord=47.32268700
[Overlay]
Symbols=2
[MapLage]
MapName=ÖK50-West
DimmFc=100
ZoomFc=100
CenterLat=47.32243900
CenterLong=12.07263700
RefOn=1
RefLat=47.32243900
RefLong=12.07263700
