[Symbol 1]
Typ=3
Group=1
Col=8
Zoom=1
Size=105
Art=1
Punkte=51
XKoord0=11.11854900
YKoord0=47.34946700
XKoord1=11.11774100
YKoord1=47.34923400
XKoord2=11.11736000
YKoord2=47.34881300
XKoord3=11.11635800
YKoord3=47.34847300
XKoord4=11.11610800
YKoord4=47.34802800
XKoord5=11.11623200
YKoord5=47.34699100
XKoord6=11.11626800
YKoord6=47.34622500
XKoord7=11.11602200
YKoord7=47.34514900
XKoord8=11.11585000
YKoord8=47.34416200
XKoord9=11.11482300
YKoord9=47.34330300
XKoord10=11.11438000
YKoord10=47.34288500
XKoord11=11.11274300
YKoord11=47.34426400
XKoord12=11.11209100
YKoord12=47.34452400
XKoord13=11.11073300
YKoord13=47.34448100
XKoord14=11.10874900
YKoord14=47.34454000
XKoord15=11.10472900
YKoord15=47.34499700
XKoord16=11.10370800
YKoord16=47.34512800
XKoord17=11.10269100
YKoord17=47.34607000
XKoord18=11.10162700
YKoord18=47.34678700
XKoord19=11.10065800
YKoord19=47.34739000
XKoord20=11.09889400
YKoord20=47.34798400
XKoord21=11.09677600
YKoord21=47.34800100
XKoord22=11.09499200
YKoord22=47.34652500
XKoord23=11.09412500
YKoord23=47.34550600
XKoord24=11.09313100
YKoord24=47.34464700
XKoord25=11.09225900
YKoord25=47.34437000
XKoord26=11.09036700
YKoord26=47.34411300
XKoord27=11.08872400
YKoord27=47.34441300
XKoord28=11.08807700
YKoord28=47.34480800
XKoord29=11.08767200
YKoord29=47.34537000
XKoord30=11.08716000
YKoord30=47.34583000
XKoord31=11.08670400
YKoord31=47.34601800
XKoord32=11.08617400
YKoord32=47.34600500
XKoord33=11.08572000
YKoord33=47.34623800
XKoord34=11.08498800
YKoord34=47.34697200
XKoord35=11.08440500
YKoord35=47.34729700
XKoord36=11.08381400
YKoord36=47.34742000
XKoord37=11.08321100
YKoord37=47.34732600
XKoord38=11.08229700
YKoord38=47.34680300
XKoord39=11.08112100
YKoord39=47.34627700
XKoord40=11.08037300
YKoord40=47.34670200
XKoord41=11.07969200
YKoord41=47.34705200
XKoord42=11.07885600
YKoord42=47.34767500
XKoord43=11.07795100
YKoord43=47.34739900
XKoord44=11.07721300
YKoord44=47.34706800
XKoord45=11.07604400
YKoord45=47.34679700
XKoord46=11.07512400
YKoord46=47.34697100
XKoord47=11.07439200
YKoord47=47.34689400
XKoord48=11.07382900
YKoord48=47.34688200
XKoord49=11.07263400
YKoord49=47.34679100
XKoord50=11.07175400
YKoord50=47.34714400
[Symbol 2]
Typ=6
Group=2
Width=20
Height=20
Dir=100
Art=1
Col=2
Zoom=1
Size=102
Area=2
XKoord=11.08111500
YKoord=47.34642300
[Symbol 3]
Typ=6
Group=2
Width=20
Height=20
Dir=100
Art=1
Col=2
Zoom=1
Size=102
Area=2
XKoord=11.11872900
YKoord=47.34952200
[Symbol 4]
Typ=6
Group=2
Width=20
Height=20
Dir=100
Art=1
Col=2
Zoom=1
Size=102
Area=2
XKoord=11.07173800
YKoord=47.34723100
[Overlay]
Symbols=4
[MapLage]
MapName=ÖK50-West
DimmFc=100
ZoomFc=100
CenterLat=47.34946700
CenterLong=11.11854900
RefOn=1
RefLat=47.34946700
RefLong=11.11854900
