[Symbol 1]
Typ=3
Group=1
Col=8
Zoom=1
Size=105
Art=1
Punkte=66
XKoord0=12.05688300
YKoord0=47.36273400
XKoord1=12.05737000
YKoord1=47.36291000
XKoord2=12.05796300
YKoord2=47.36286700
XKoord3=12.05814400
YKoord3=47.36324000
XKoord4=12.05917500
YKoord4=47.36321200
XKoord5=12.06060500
YKoord5=47.36387600
XKoord6=12.06200100
YKoord6=47.36602600
XKoord7=12.06309100
YKoord7=47.36769700
XKoord8=12.06431500
YKoord8=47.36893300
XKoord9=12.06467200
YKoord9=47.36892400
XKoord10=12.06464500
YKoord10=47.36708900
XKoord11=12.06471600
YKoord11=47.36625000
XKoord12=12.06519400
YKoord12=47.36558900
XKoord13=12.06534600
YKoord13=47.36477500
XKoord14=12.06621900
YKoord14=47.36407700
XKoord15=12.06750600
YKoord15=47.36366400
XKoord16=12.06816500
YKoord16=47.36337700
XKoord17=12.06856400
YKoord17=47.36271800
XKoord18=12.07056900
YKoord18=47.36234000
XKoord19=12.07099100
YKoord19=47.36208600
XKoord20=12.07015400
YKoord20=47.36135300
XKoord21=12.07028700
YKoord21=47.36091700
XKoord22=12.07069100
YKoord22=47.36033900
XKoord23=12.07177200
YKoord23=47.35979700
XKoord24=12.07308800
YKoord24=47.35919500
XKoord25=12.07326800
YKoord25=47.35819100
XKoord26=12.07409300
YKoord26=47.35598200
XKoord27=12.07426000
YKoord27=47.35476300
XKoord28=12.07500000
YKoord28=47.35450000
XKoord29=12.07369100
YKoord29=47.35386000
XKoord30=12.07293000
YKoord30=47.35374600
XKoord31=12.07380600
YKoord31=47.35377600
XKoord32=12.07515100
YKoord32=47.35436100
XKoord33=12.07612000
YKoord33=47.35530700
XKoord34=12.07688800
YKoord34=47.35758100
XKoord35=12.07713700
YKoord35=47.35914000
XKoord36=12.07858300
YKoord36=47.36077500
XKoord37=12.07913000
YKoord37=47.36130100
XKoord38=12.07913700
YKoord38=47.36278500
XKoord39=12.07898800
YKoord39=47.36362600
XKoord40=12.07915700
YKoord40=47.36448600
XKoord41=12.07964300
YKoord41=47.36601100
XKoord42=12.07946900
YKoord42=47.36574600
XKoord43=12.07939500
YKoord43=47.36515400
XKoord44=12.07832800
YKoord44=47.36526400
XKoord45=12.07675200
YKoord45=47.36549500
XKoord46=12.07484800
YKoord46=47.36554600
XKoord47=12.07266900
YKoord47=47.36565900
XKoord48=12.07061300
YKoord48=47.36584900
XKoord49=12.06855000
YKoord49=47.36590400
XKoord50=12.06735400
YKoord50=47.36582800
XKoord51=12.06523100
YKoord51=47.36553400
XKoord52=12.06476000
YKoord52=47.36633000
XKoord53=12.06476100
YKoord53=47.36840900
XKoord54=12.06467200
YKoord54=47.36892400
XKoord55=12.06427400
YKoord55=47.36890800
XKoord56=12.06265800
YKoord56=47.36708800
XKoord57=12.06117300
YKoord57=47.36477900
XKoord58=12.06032800
YKoord58=47.36458500
XKoord59=12.05994600
YKoord59=47.36416400
XKoord60=12.05928800
YKoord60=47.36377600
XKoord61=12.05838500
YKoord61=47.36328700
XKoord62=12.05813800
YKoord62=47.36313200
XKoord63=12.05780200
YKoord63=47.36281700
XKoord64=12.05716700
YKoord64=47.36283400
XKoord65=12.05692200
YKoord65=47.36273300
[Symbol 2]
Typ=6
Group=2
Width=20
Height=20
Dir=100
Art=1
Col=2
Zoom=1
Size=102
Area=2
XKoord=12.05691200
YKoord=47.36270500
[Overlay]
Symbols=2
[MapLage]
MapName=ÖK50-West
DimmFc=100
ZoomFc=100
CenterLat=47.36273400
CenterLong=12.05688300
RefOn=1
RefLat=47.36273400
RefLong=12.05688300
