[Symbol 1]
Typ=3
Group=1
Col=8
Zoom=1
Size=105
Art=1
Punkte=35
XKoord0=12.05470600
YKoord0=47.37788400
XKoord1=12.05512700
YKoord1=47.37827800
XKoord2=12.05558500
YKoord2=47.37864400
XKoord3=12.05715400
YKoord3=47.37898000
XKoord4=12.05648500
YKoord4=47.37840400
XKoord5=12.05679800
YKoord5=47.37831500
XKoord6=12.05723100
YKoord6=47.37824900
XKoord7=12.05814600
YKoord7=47.37825200
XKoord8=12.05919000
YKoord8=47.37844000
XKoord9=12.05966200
YKoord9=47.37834600
XKoord10=12.06102900
YKoord10=47.37793200
XKoord11=12.06165700
YKoord11=47.37780700
XKoord12=12.06279300
YKoord12=47.37750700
XKoord13=12.06445200
YKoord13=47.37732700
XKoord14=12.06575400
YKoord14=47.37648200
XKoord15=12.06644000
YKoord15=47.37597800
XKoord16=12.06797800
YKoord16=47.37577500
XKoord17=12.07030500
YKoord17=47.37476800
XKoord18=12.07188400
YKoord18=47.37391500
XKoord19=12.07545700
YKoord19=47.37452100
XKoord20=12.07707800
YKoord20=47.37437000
XKoord21=12.07757600
YKoord21=47.37405900
XKoord22=12.07815900
YKoord22=47.37382800
XKoord23=12.07994300
YKoord23=47.37307800
XKoord24=12.08118600
YKoord24=47.37258500
XKoord25=12.08160600
YKoord25=47.37160200
XKoord26=12.08152100
YKoord26=47.37082200
XKoord27=12.07945300
YKoord27=47.37012100
XKoord28=12.07801700
YKoord28=47.37002500
XKoord29=12.07567900
YKoord29=47.37014200
XKoord30=12.07520500
YKoord30=47.36950600
XKoord31=12.07570100
YKoord31=47.36846700
XKoord32=12.07683800
YKoord32=47.36751900
XKoord33=12.07856200
YKoord33=47.36642000
XKoord34=12.07986700
YKoord34=47.36630300
[Symbol 2]
Typ=6
Group=2
Width=20
Height=20
Dir=100
Art=1
Col=2
Zoom=1
Size=102
Area=2
XKoord=12.05466300
YKoord=47.37785300
[Overlay]
Symbols=2
[MapLage]
MapName=ÖK50-West
DimmFc=100
ZoomFc=100
CenterLat=47.37788400
CenterLong=12.05470600
RefOn=1
RefLat=47.37788400
RefLong=12.05470600
