[Symbol 1]
Typ=3
Group=1
Col=8
Zoom=1
Size=105
Art=1
Punkte=45
XKoord0=12.05507500
YKoord0=47.36976800
XKoord1=12.05435000
YKoord1=47.36983200
XKoord2=12.05355700
YKoord2=47.36985300
XKoord3=12.05270700
YKoord3=47.37005600
XKoord4=12.05188100
YKoord4=47.37066300
XKoord5=12.05092300
YKoord5=47.37127300
XKoord6=12.05060300
YKoord6=47.37146200
XKoord7=12.04986200
YKoord7=47.37125700
XKoord8=12.04951100
YKoord8=47.37090600
XKoord9=12.04922800
YKoord9=47.37059900
XKoord10=12.04909100
YKoord10=47.37051200
XKoord11=12.04889800
YKoord11=47.37060700
XKoord12=12.04871500
YKoord12=47.37088200
XKoord13=12.04895200
YKoord13=47.37155100
XKoord14=12.04870600
YKoord14=47.37187200
XKoord15=12.04845700
YKoord15=47.37214900
XKoord16=12.04806500
YKoord16=47.37225000
XKoord17=12.04574300
YKoord17=47.37217600
XKoord18=12.04343000
YKoord18=47.37228300
XKoord19=12.04250700
YKoord19=47.37235200
XKoord20=12.04164200
YKoord20=47.37228500
XKoord21=12.04088400
YKoord21=47.37176500
XKoord22=12.03951300
YKoord22=47.36982200
XKoord23=12.03722700
YKoord23=47.36691300
XKoord24=12.03617000
YKoord24=47.36581600
XKoord25=12.03535400
YKoord25=47.36543300
XKoord26=12.03489300
YKoord26=47.36549000
XKoord27=12.03457300
YKoord27=47.36567800
XKoord28=12.03424500
YKoord28=47.36573200
XKoord29=12.03082000
YKoord29=47.36375300
XKoord30=12.03079600
YKoord30=47.36217900
XKoord31=12.03094300
YKoord31=47.36127500
XKoord32=12.03037700
YKoord32=47.35949000
XKoord33=12.02975900
YKoord33=47.35910100
XKoord34=12.02794500
YKoord34=47.35865400
XKoord35=12.02630000
YKoord35=47.35883300
XKoord36=12.02406000
YKoord36=47.35902700
XKoord37=12.02289000
YKoord37=47.35941800
XKoord38=12.02217800
YKoord38=47.35970700
XKoord39=12.02181700
YKoord39=47.35917600
XKoord40=12.02240600
YKoord40=47.35790100
XKoord41=12.02275400
YKoord41=47.35730600
XKoord42=12.02298000
YKoord42=47.35662500
XKoord43=12.02353900
YKoord43=47.35598000
XKoord44=12.02457900
YKoord44=47.35563800
[Symbol 2]
Typ=6
Group=2
Width=20
Height=20
Dir=100
Art=1
Col=2
Zoom=1
Size=102
Area=2
XKoord=12.05517600
YKoord=47.36971600
[Overlay]
Symbols=2
[MapLage]
MapName=ÖK50-West
DimmFc=100
ZoomFc=100
CenterLat=47.36976800
CenterLong=12.05507500
RefOn=1
RefLat=47.36976800
RefLong=12.05507500
