[Symbol 1]
Typ=3
Group=1
Col=8
Zoom=1
Size=105
Art=1
Punkte=38
XKoord0=12.05696000
YKoord0=47.36233200
XKoord1=12.05703600
YKoord1=47.36164400
XKoord2=12.05779900
YKoord2=47.36109500
XKoord3=12.05672300
YKoord3=47.35836700
XKoord4=12.05639900
YKoord4=47.35704800
XKoord5=12.05541400
YKoord5=47.35633200
XKoord6=12.05512500
YKoord6=47.35591200
XKoord7=12.05529200
YKoord7=47.35536800
XKoord8=12.05469500
YKoord8=47.35479900
XKoord9=12.05323300
YKoord9=47.35410700
XKoord10=12.05098000
YKoord10=47.35408800
XKoord11=12.04857800
YKoord11=47.35435500
XKoord12=12.04694000
YKoord12=47.35398900
XKoord13=12.04613800
YKoord13=47.35385300
XKoord14=12.04536100
YKoord14=47.35358100
XKoord15=12.04480900
YKoord15=47.35371200
XKoord16=12.04329200
YKoord16=47.35382000
XKoord17=12.04280500
YKoord17=47.35399100
XKoord18=12.04137200
YKoord18=47.35382600
XKoord19=12.03864100
YKoord19=47.35239100
XKoord20=12.03762700
YKoord20=47.35203600
XKoord21=12.03497600
YKoord21=47.35140000
XKoord22=12.03344100
YKoord22=47.35176400
XKoord23=12.03202600
YKoord23=47.35191400
XKoord24=12.03085800
YKoord24=47.35232800
XKoord25=12.03004900
YKoord25=47.35266400
XKoord26=12.02938900
YKoord26=47.35322000
XKoord27=12.02872200
YKoord27=47.35344100
XKoord28=12.02754400
YKoord28=47.35339300
XKoord29=12.02691200
YKoord29=47.35333100
XKoord30=12.02655000
YKoord30=47.35336300
XKoord31=12.02607900
YKoord31=47.35344100
XKoord32=12.02572200
YKoord32=47.35356300
XKoord33=12.02525700
YKoord33=47.35382300
XKoord34=12.02499600
YKoord34=47.35417800
XKoord35=12.02470900
YKoord35=47.35467000
XKoord36=12.02468600
YKoord36=47.35513100
XKoord37=12.02532400
YKoord37=47.35585700
[Overlay]
Symbols=1
[MapLage]
MapName=ÖK50-West
DimmFc=100
ZoomFc=100
CenterLat=47.36233200
CenterLong=12.05696000
RefOn=1
RefLat=47.36233200
RefLong=12.05696000
