[Symbol 1]
Typ=3
Group=1
Col=8
Zoom=1
Size=105
Art=1
Punkte=47
XKoord0=12.05698000
YKoord0=47.36234700
XKoord1=12.05753100
YKoord1=47.36156700
XKoord2=12.05789900
YKoord2=47.36106200
XKoord3=12.05683300
YKoord3=47.35866100
XKoord4=12.05662000
YKoord4=47.35727200
XKoord5=12.05519800
YKoord5=47.35625200
XKoord6=12.05527100
YKoord6=47.35568800
XKoord7=12.05556600
YKoord7=47.35460000
XKoord8=12.05560900
YKoord8=47.35351900
XKoord9=12.05557500
YKoord9=47.35293500
XKoord10=12.05487800
YKoord10=47.35232400
XKoord11=12.05436300
YKoord11=47.35143700
XKoord12=12.05418400
YKoord12=47.35063200
XKoord13=12.05411000
YKoord13=47.34968800
XKoord14=12.05397800
YKoord14=47.34820800
XKoord15=12.05400700
YKoord15=47.34791300
XKoord16=12.05331800
YKoord16=47.34743700
XKoord17=12.05383400
YKoord17=47.34456700
XKoord18=12.05397300
YKoord18=47.34352800
XKoord19=12.05497000
YKoord19=47.34017200
XKoord20=12.05521400
YKoord20=47.33912900
XKoord21=12.05558100
YKoord21=47.33813100
XKoord22=12.05566900
YKoord22=47.33736400
XKoord23=12.05676000
YKoord23=47.33562500
XKoord24=12.05835700
YKoord24=47.33463700
XKoord25=12.05669200
YKoord25=47.33445700
XKoord26=12.05607900
YKoord26=47.33415800
XKoord27=12.05632700
YKoord27=47.33374400
XKoord28=12.05384700
YKoord28=47.33331800
XKoord29=12.04913400
YKoord29=47.33308300
XKoord30=12.04459100
YKoord30=47.33234900
XKoord31=12.04157100
YKoord31=47.33162000
XKoord32=12.03971800
YKoord32=47.33162400
XKoord33=12.03766100
YKoord33=47.33154300
XKoord34=12.03556600
YKoord34=47.33078900
XKoord35=12.03542400
YKoord35=47.32984600
XKoord36=12.03522700
YKoord36=47.32872600
XKoord37=12.03514500
YKoord37=47.32728900
XKoord38=12.03013600
YKoord38=47.32611800
XKoord39=12.02902500
YKoord39=47.32520300
XKoord40=12.02780000
YKoord40=47.32383800
XKoord41=12.02693600
YKoord41=47.32377100
XKoord42=12.02612200
YKoord42=47.32343300
XKoord43=12.02571200
YKoord43=47.32285200
XKoord44=12.02506600
YKoord44=47.32255400
XKoord45=12.02393400
YKoord45=47.32218600
XKoord46=12.02269800
YKoord46=47.32140800
[Symbol 2]
Typ=6
Group=2
Width=20
Height=20
Dir=100
Art=1
Col=2
Zoom=1
Size=102
Area=2
XKoord=12.05707000
YKoord=47.36244000
[Overlay]
Symbols=2
[MapLage]
MapName=ÖK50-West
DimmFc=100
ZoomFc=100
CenterLat=47.36234700
CenterLong=12.05698000
RefOn=1
RefLat=47.36234700
RefLong=12.05698000
