[Symbol 1]
Typ=3
Group=1
Col=8
Zoom=1
Size=105
Art=1
Punkte=79
XKoord0=12.04071200
YKoord0=47.12201400
XKoord1=12.04353500
YKoord1=47.12102100
XKoord2=12.04526300
YKoord2=47.12040100
XKoord3=12.04609000
YKoord3=47.12016600
XKoord4=12.04742200
YKoord4=47.12040000
XKoord5=12.04904200
YKoord5=47.12077300
XKoord6=12.04985300
YKoord6=47.12111200
XKoord7=12.05041100
YKoord7=47.12136700
XKoord8=12.05087100
YKoord8=47.12162400
XKoord9=12.05142000
YKoord9=47.12200300
XKoord10=12.05171400
YKoord10=47.12211200
XKoord11=12.05244700
YKoord11=47.12218000
XKoord12=12.05410500
YKoord12=47.12243700
XKoord13=12.05432900
YKoord13=47.12260700
XKoord14=12.05365900
YKoord14=47.12288800
XKoord15=12.05478800
YKoord15=47.12315000
XKoord16=12.05606400
YKoord16=47.12297000
XKoord17=12.05700700
YKoord17=47.12297400
XKoord18=12.05664300
YKoord18=47.12336400
XKoord19=12.05720500
YKoord19=47.12343700
XKoord20=12.05713600
YKoord20=47.12373100
XKoord21=12.05846800
YKoord21=47.12330700
XKoord22=12.05918200
YKoord22=47.12305400
XKoord23=12.06033300
YKoord23=47.12296400
XKoord24=12.06017400
YKoord24=47.12363000
XKoord25=12.06114300
YKoord25=47.12334100
XKoord26=12.06276700
YKoord26=47.12326800
XKoord27=12.06453300
YKoord27=47.12344600
XKoord28=12.06661400
YKoord28=47.12385800
XKoord29=12.06799500
YKoord29=47.12400600
XKoord30=12.06929300
YKoord30=47.12423400
XKoord31=12.07091300
YKoord31=47.12407400
XKoord32=12.07165900
YKoord32=47.12364400
XKoord33=12.07219500
YKoord33=47.12327900
XKoord34=12.07409200
YKoord34=47.12275000
XKoord35=12.07538000
YKoord35=47.12202300
XKoord36=12.07651000
YKoord36=47.12155400
XKoord37=12.07785300
YKoord37=47.12107900
XKoord38=12.07844900
YKoord38=47.12053100
XKoord39=12.07912900
YKoord39=47.12016800
XKoord40=12.07974400
YKoord40=47.11968300
XKoord41=12.08125000
YKoord41=47.11905800
XKoord42=12.08252400
YKoord42=47.11884800
XKoord43=12.08318200
YKoord43=47.11864800
XKoord44=12.08397000
YKoord44=47.11866300
XKoord45=12.08404500
YKoord45=47.11848500
XKoord46=12.08392900
YKoord46=47.11796200
XKoord47=12.08484300
YKoord47=47.11829600
XKoord48=12.08544900
YKoord48=47.11839700
XKoord49=12.08581000
YKoord49=47.11870900
XKoord50=12.08618300
YKoord50=47.11922500
XKoord51=12.08727500
YKoord51=47.11976700
XKoord52=12.08892700
YKoord52=47.12092100
XKoord53=12.09170700
YKoord53=47.12230900
XKoord54=12.09546700
YKoord54=47.12507300
XKoord55=12.09674300
YKoord55=47.12546200
XKoord56=12.09847900
YKoord56=47.12601500
XKoord57=12.10070400
YKoord57=47.12668600
XKoord58=12.10307200
YKoord58=47.12761700
XKoord59=12.10478700
YKoord59=47.12836000
XKoord60=12.10655800
YKoord60=47.12933600
XKoord61=12.10685000
YKoord61=47.12994200
XKoord62=12.10654000
YKoord62=47.13123700
XKoord63=12.10685100
YKoord63=47.13216500
XKoord64=12.10850600
YKoord64=47.13481100
XKoord65=12.10810500
YKoord65=47.13602100
XKoord66=12.10761600
YKoord66=47.13700000
XKoord67=12.10662600
YKoord67=47.13767000
XKoord68=12.10517100
YKoord68=47.13844100
XKoord69=12.10524400
YKoord69=47.13896600
XKoord70=12.10583900
YKoord70=47.13962200
XKoord71=12.10663500
YKoord71=47.14003900
XKoord72=12.10754400
YKoord72=47.14019000
XKoord73=12.10812400
YKoord73=47.14042300
XKoord74=12.10896500
YKoord74=47.14013700
XKoord75=12.10937900
YKoord75=47.13989100
XKoord76=12.10988800
YKoord76=47.13979000
XKoord77=12.11039600
YKoord77=47.13968800
XKoord78=12.11111900
YKoord78=47.13958100
[Symbol 2]
Typ=6
Group=2
Width=20
Height=20
Dir=100
Art=1
Col=2
Zoom=1
Size=102
Area=2
XKoord=12.04056500
YKoord=47.12208700
[Symbol 3]
Typ=6
Group=2
Width=20
Height=20
Dir=100
Art=1
Col=2
Zoom=1
Size=102
Area=2
XKoord=12.09657000
YKoord=47.11837000
[Overlay]
Symbols=3
[MapLage]
MapName=ÖK50-West
DimmFc=100
ZoomFc=100
CenterLat=47.12201400
CenterLong=12.04071200
RefOn=1
RefLat=47.12201400
RefLong=12.04071200
