[Symbol 1]
Typ=3
Group=1
Col=8
Zoom=1
Size=105
Art=1
Punkte=67
XKoord0=12.00970500
YKoord0=47.12228800
XKoord1=12.01155700
YKoord1=47.12181100
XKoord2=12.01101500
YKoord2=47.12097100
XKoord3=12.00974900
YKoord3=47.12014900
XKoord4=12.00901600
YKoord4=47.11884100
XKoord5=12.00688200
YKoord5=47.11723200
XKoord6=12.00589600
YKoord6=47.11669600
XKoord7=12.00534100
YKoord7=47.11621500
XKoord8=12.00508600
YKoord8=47.11577200
XKoord9=12.00475000
YKoord9=47.11508300
XKoord10=12.00395500
YKoord10=47.11325900
XKoord11=12.00181900
YKoord11=47.11219000
XKoord12=12.00129100
YKoord12=47.11159700
XKoord13=12.00083300
YKoord13=47.11048400
XKoord14=12.00076300
YKoord14=47.10915700
XKoord15=12.00095200
YKoord15=47.10843300
XKoord16=12.00102100
YKoord16=47.10789100
XKoord17=12.00095900
YKoord17=47.10737500
XKoord18=11.99943300
YKoord18=47.10602000
XKoord19=11.99863700
YKoord19=47.10417300
XKoord20=11.99851200
YKoord20=47.10311900
XKoord21=11.99838900
YKoord21=47.10211000
XKoord22=11.99826700
YKoord22=47.10110100
XKoord23=11.99794300
YKoord23=47.09978100
XKoord24=11.99785300
YKoord24=47.09901900
XKoord25=11.99763000
YKoord25=47.09718000
XKoord26=11.99624800
YKoord26=47.09546100
XKoord27=11.99611900
YKoord27=47.09492400
XKoord28=11.99614200
YKoord28=47.09415900
XKoord29=11.99662800
YKoord29=47.09342600
XKoord30=11.99657900
YKoord30=47.09255000
XKoord31=11.99662900
YKoord31=47.09167100
XKoord32=11.99629200
YKoord32=47.09096000
XKoord33=11.99627000
YKoord33=47.08997100
XKoord34=11.99623500
YKoord34=47.08756400
XKoord35=11.99606800
YKoord35=47.08585800
XKoord36=11.99634400
YKoord36=47.08490600
XKoord37=11.99748700
YKoord37=47.08415600
XKoord38=11.99815500
YKoord38=47.08314800
XKoord39=11.99931800
YKoord39=47.08098100
XKoord40=11.99979100
YKoord40=47.08002300
XKoord41=12.00121000
YKoord41=47.07829900
XKoord42=12.00176900
YKoord42=47.07594400
XKoord43=12.00332200
YKoord43=47.07369800
XKoord44=12.00317200
YKoord44=47.07336500
XKoord45=12.00290300
YKoord45=47.07208900
XKoord46=12.00399400
YKoord46=47.07156500
XKoord47=12.00414700
YKoord47=47.07135900
XKoord48=12.00357500
YKoord48=47.07114900
XKoord49=12.00334000
YKoord49=47.07106500
XKoord50=12.00341800
YKoord50=47.07070300
XKoord51=12.00515700
YKoord51=47.06825000
XKoord52=12.00434400
YKoord52=47.06433400
XKoord53=12.00317600
YKoord53=47.06229500
XKoord54=12.00043300
YKoord54=47.06013900
XKoord55=11.99742200
YKoord55=47.05929500
XKoord56=11.99667700
YKoord56=47.05893200
XKoord57=11.99521600
YKoord57=47.05811600
XKoord58=11.99546200
YKoord58=47.05603900
XKoord59=11.99333000
YKoord59=47.05501500
XKoord60=11.98950200
YKoord60=47.05426000
XKoord61=11.98725300
YKoord61=47.05229400
XKoord62=11.98305300
YKoord62=47.05136900
XKoord63=11.98086400
YKoord63=47.05098600
XKoord64=11.98006600
YKoord64=47.05084900
XKoord65=11.97945800
YKoord65=47.05057200
XKoord66=11.97925200
YKoord66=47.05042000
[Overlay]
Symbols=1
[MapLage]
MapName=ÖK50-West
DimmFc=100
ZoomFc=100
CenterLat=47.12228800
CenterLong=12.00970500
RefOn=1
RefLat=47.12228800
RefLong=12.00970500
