[Symbol 1]
Typ=3
Group=1
Col=8
Zoom=1
Size=105
Art=1
Punkte=37
XKoord0=12.04103300
YKoord0=47.12195600
XKoord1=12.04269800
YKoord1=47.12137000
XKoord2=12.04354000
YKoord2=47.12111100
XKoord3=12.04484600
YKoord3=47.12059200
XKoord4=12.04602600
YKoord4=47.12019000
XKoord5=12.04654000
YKoord5=47.12025500
XKoord6=12.04862400
YKoord6=47.12066100
XKoord7=12.04951500
YKoord7=47.12097400
XKoord8=12.05063100
YKoord8=47.12146200
XKoord9=12.05130900
YKoord9=47.12179300
XKoord10=12.05384700
YKoord10=47.12238000
XKoord11=12.05438400
YKoord11=47.12254600
XKoord12=12.05377500
YKoord12=47.12285400
XKoord13=12.05323600
YKoord13=47.12322900
XKoord14=12.05204400
YKoord14=47.12544300
XKoord15=12.05206700
YKoord15=47.12699500
XKoord16=12.05139000
YKoord16=47.12955500
XKoord17=12.05188600
YKoord17=47.13131900
XKoord18=12.05165000
YKoord18=47.13179800
XKoord19=12.05020500
YKoord19=47.13246700
XKoord20=12.04884500
YKoord20=47.13311100
XKoord21=12.04924400
YKoord21=47.13431500
XKoord22=12.04954300
YKoord22=47.13550000
XKoord23=12.05302900
YKoord23=47.13765700
XKoord24=12.05441400
YKoord24=47.13822700
XKoord25=12.05488100
YKoord25=47.14006000
XKoord26=12.05584000
YKoord26=47.14183400
XKoord27=12.05631200
YKoord27=47.14314900
XKoord28=12.05683400
YKoord28=47.14421500
XKoord29=12.05748600
YKoord29=47.14523200
XKoord30=12.05847900
YKoord30=47.14624100
XKoord31=12.05889400
YKoord31=47.14656800
XKoord32=12.05940700
YKoord32=47.14689100
XKoord33=12.06011100
YKoord33=47.14709800
XKoord34=12.06180900
YKoord34=47.14680500
XKoord35=12.06363600
YKoord35=47.14702600
XKoord36=12.06460000
YKoord36=47.14715700
[Overlay]
Symbols=1
[MapLage]
MapName=ÖK50-West
DimmFc=100
ZoomFc=100
CenterLat=47.12195600
CenterLong=12.04103300
RefOn=1
RefLat=47.12195600
RefLong=12.04103300
