[Symbol 1]
Typ=3
Group=1
Col=8
Zoom=1
Size=105
Art=1
Punkte=63
XKoord0=11.23404100
YKoord0=47.11410800
XKoord1=11.23311100
YKoord1=47.11394600
XKoord2=11.23215900
YKoord2=47.11324500
XKoord3=11.23117700
YKoord3=47.11182400
XKoord4=11.22930500
YKoord4=47.11118500
XKoord5=11.22709600
YKoord5=47.11037300
XKoord6=11.22617200
YKoord6=47.11034600
XKoord7=11.22469000
YKoord7=47.10956500
XKoord8=11.22208100
YKoord8=47.10705100
XKoord9=11.21852200
YKoord9=47.10545500
XKoord10=11.21574900
YKoord10=47.10375400
XKoord11=11.21486700
YKoord11=47.10314100
XKoord12=11.21299500
YKoord12=47.10250300
XKoord13=11.21143400
YKoord13=47.10140800
XKoord14=11.20990500
YKoord14=47.10107800
XKoord15=11.20748400
YKoord15=47.09990900
XKoord16=11.20624800
YKoord16=47.10029300
XKoord17=11.20598300
YKoord17=47.10025300
XKoord18=11.20271000
YKoord18=47.09919100
XKoord19=11.20205200
YKoord19=47.09920400
XKoord20=11.19744900
YKoord20=47.09623300
XKoord21=11.19534700
YKoord21=47.09478800
XKoord22=11.19350200
YKoord22=47.09477900
XKoord23=11.19099600
YKoord23=47.09473700
XKoord24=11.18989900
YKoord24=47.09529800
XKoord25=11.18923500
YKoord25=47.09517500
XKoord26=11.18733700
YKoord26=47.09386200
XKoord27=11.18632200
YKoord27=47.09320600
XKoord28=11.18453100
YKoord28=47.09130600
XKoord29=11.18464800
YKoord29=47.09094300
XKoord30=11.18361300
YKoord30=47.08979300
XKoord31=11.18320700
YKoord31=47.08953100
XKoord32=11.18096800
YKoord32=47.08957400
XKoord33=11.17949400
YKoord33=47.08897200
XKoord34=11.17877400
YKoord34=47.08907500
XKoord35=11.17805000
YKoord35=47.08908900
XKoord36=11.17679900
YKoord36=47.08911300
XKoord37=11.17508600
YKoord37=47.08910100
XKoord38=11.17236400
YKoord38=47.08813000
XKoord39=11.17169600
YKoord39=47.08791700
XKoord40=11.17072300
YKoord40=47.08667600
XKoord41=11.17016400
YKoord41=47.08587700
XKoord42=11.16941400
YKoord42=47.08526100
XKoord43=11.16900800
YKoord43=47.08499900
XKoord44=11.16861200
YKoord44=47.08334100
XKoord45=11.16967600
YKoord45=47.08197100
XKoord46=11.17151700
YKoord46=47.08059900
XKoord47=11.17442600
YKoord47=47.07923900
XKoord48=11.17605700
YKoord48=47.07722800
XKoord49=11.17709700
YKoord49=47.07527400
XKoord50=11.17517900
YKoord50=47.07346500
XKoord51=11.17195800
YKoord51=47.07199700
XKoord52=11.16798200
YKoord52=47.06977700
XKoord53=11.16459400
YKoord53=47.06741100
XKoord54=11.15925100
YKoord54=47.06641800
XKoord55=11.15683700
YKoord55=47.06371900
XKoord56=11.15595600
YKoord56=47.06310600
XKoord57=11.15485500
YKoord57=47.06191200
XKoord58=11.15425900
YKoord58=47.06021300
XKoord59=11.15231100
YKoord59=47.05787700
XKoord60=11.15158100
YKoord60=47.05773400
XKoord61=11.15131300
YKoord61=47.05762600
XKoord62=11.15093600
YKoord62=47.05857900
[Symbol 2]
Typ=6
Group=2
Width=20
Height=20
Dir=100
Art=1
Col=2
Zoom=1
Size=102
Area=2
XKoord=11.23427000
YKoord=47.11402900
[Overlay]
Symbols=2
[MapLage]
MapName=ÖK50-West
DimmFc=100
ZoomFc=100
CenterLat=47.11410800
CenterLong=11.23404100
RefOn=1
RefLat=47.11410800
RefLong=11.23404100
