[Symbol 1]
Typ=3
Group=1
Col=8
Zoom=1
Size=105
Art=1
Punkte=69
XKoord0=11.23416800
YKoord0=47.11411600
XKoord1=11.23256100
YKoord1=47.11351700
XKoord2=11.23143900
YKoord2=47.11191900
XKoord3=11.22741300
YKoord3=47.11019800
XKoord4=11.22597200
YKoord4=47.11040600
XKoord5=11.22380100
YKoord5=47.10891800
XKoord6=11.22174700
YKoord6=47.10706800
XKoord7=11.20921600
YKoord7=47.10047100
XKoord8=11.20747800
YKoord8=47.09987500
XKoord9=11.20590900
YKoord9=47.10017500
XKoord10=11.20336600
YKoord10=47.09923400
XKoord11=11.20163900
YKoord11=47.09890700
XKoord12=11.19527600
YKoord12=47.09480000
XKoord13=11.19184900
YKoord13=47.09477600
XKoord14=11.18989300
YKoord14=47.09526300
XKoord15=11.18733600
YKoord15=47.09396200
XKoord16=11.18458800
YKoord16=47.09122500
XKoord17=11.18359700
YKoord17=47.08953400
XKoord18=11.17804500
YKoord18=47.08910000
XKoord19=11.17541200
YKoord19=47.08915000
XKoord20=11.17246400
YKoord20=47.08794600
XKoord21=11.16905600
YKoord21=47.08513100
XKoord22=11.16718000
YKoord22=47.08471000
XKoord23=11.16364400
YKoord23=47.08279800
XKoord24=11.16111600
YKoord24=47.08136000
XKoord25=11.15968200
YKoord25=47.08091500
XKoord26=11.15848800
YKoord26=47.08071300
XKoord27=11.15720800
YKoord27=47.08001700
XKoord28=11.15610100
YKoord28=47.07952000
XKoord29=11.15554000
YKoord29=47.07865300
XKoord30=11.15482300
YKoord30=47.07803700
XKoord31=11.15304500
YKoord31=47.07688400
XKoord32=11.15126400
YKoord32=47.07553900
XKoord33=11.14529300
YKoord33=47.07082000
XKoord34=11.14314200
YKoord34=47.06645100
XKoord35=11.14352300
YKoord35=47.06580800
XKoord36=11.14385800
YKoord36=47.06512700
XKoord37=11.14314400
YKoord37=47.06321100
XKoord38=11.14089600
YKoord38=47.06298300
XKoord39=11.13887100
YKoord39=47.06068100
XKoord40=11.13908200
YKoord40=47.05864700
XKoord41=11.13796500
YKoord41=47.05744100
XKoord42=11.13465500
YKoord42=47.05460200
XKoord43=11.13145300
YKoord43=47.05226600
XKoord44=11.12864800
YKoord44=47.04960700
XKoord45=11.12430900
YKoord45=47.05026900
XKoord46=11.12329000
YKoord46=47.04974600
XKoord47=11.12270400
YKoord47=47.04933500
XKoord48=11.12229100
YKoord48=47.04496800
XKoord49=11.12214300
YKoord49=47.04333700
XKoord50=11.12304700
YKoord50=47.04190400
XKoord51=11.12455500
YKoord51=47.04076500
XKoord52=11.12916200
YKoord52=47.03899100
XKoord53=11.13031100
YKoord53=47.03851800
XKoord54=11.13122900
YKoord54=47.03843300
XKoord55=11.13223400
YKoord55=47.03863300
XKoord56=11.13308900
YKoord56=47.03883400
XKoord57=11.13405900
YKoord57=47.03886300
XKoord58=11.13459200
YKoord58=47.03871200
XKoord59=11.13617200
YKoord59=47.03805200
XKoord60=11.13651300
YKoord60=47.03717100
XKoord61=11.13688700
YKoord61=47.03623200
XKoord62=11.13688000
YKoord62=47.03564900
XKoord63=11.13729800
YKoord63=47.03561300
XKoord64=11.13928900
YKoord64=47.03547200
XKoord65=11.14036600
YKoord65=47.03608200
XKoord66=11.14131200
YKoord66=47.03669400
XKoord67=11.14239000
YKoord67=47.03730400
XKoord68=11.14314500
YKoord68=47.03972000
[Overlay]
Symbols=1
[MapLage]
MapName=ÖK50-West
DimmFc=100
ZoomFc=100
CenterLat=47.11411600
CenterLong=11.23416800
RefOn=1
RefLat=47.11411600
RefLong=11.23416800
