[Symbol 1]
Typ=3
Group=1
Col=8
Zoom=1
Size=105
Art=1
Punkte=66
XKoord0=11.23416800
YKoord0=47.11411600
XKoord1=11.23256100
YKoord1=47.11351700
XKoord2=11.23143900
YKoord2=47.11191900
XKoord3=11.22741300
YKoord3=47.11019800
XKoord4=11.22597200
YKoord4=47.11040600
XKoord5=11.22380100
YKoord5=47.10891800
XKoord6=11.22174700
YKoord6=47.10706800
XKoord7=11.20921600
YKoord7=47.10047100
XKoord8=11.20747800
YKoord8=47.09987500
XKoord9=11.20590900
YKoord9=47.10017500
XKoord10=11.20336600
YKoord10=47.09923400
XKoord11=11.20163900
YKoord11=47.09890700
XKoord12=11.19527600
YKoord12=47.09480000
XKoord13=11.19184900
YKoord13=47.09477600
XKoord14=11.18989300
YKoord14=47.09526300
XKoord15=11.18733600
YKoord15=47.09396200
XKoord16=11.18458800
YKoord16=47.09122500
XKoord17=11.18359700
YKoord17=47.08953400
XKoord18=11.17804500
YKoord18=47.08910000
XKoord19=11.17541200
YKoord19=47.08915000
XKoord20=11.17246400
YKoord20=47.08794600
XKoord21=11.16905600
YKoord21=47.08513100
XKoord22=11.16718700
YKoord22=47.08453600
XKoord23=11.16330000
YKoord23=47.08290000
XKoord24=11.16166100
YKoord24=47.08180000
XKoord25=11.15894100
YKoord25=47.08050200
XKoord26=11.15777300
YKoord26=47.08014100
XKoord27=11.15667200
YKoord27=47.07977900
XKoord28=11.15606300
YKoord28=47.07938600
XKoord29=11.15468300
YKoord29=47.07783700
XKoord30=11.15304500
YKoord30=47.07688400
XKoord31=11.14529300
YKoord31=47.07082000
XKoord32=11.14314200
YKoord32=47.06645100
XKoord33=11.14361600
YKoord33=47.06567100
XKoord34=11.14391900
YKoord34=47.06501300
XKoord35=11.14314400
YKoord35=47.06321100
XKoord36=11.14089600
YKoord36=47.06298300
XKoord37=11.13887100
YKoord37=47.06068100
XKoord38=11.13908200
YKoord38=47.05864700
XKoord39=11.13796500
YKoord39=47.05744100
XKoord40=11.13465500
YKoord40=47.05460200
XKoord41=11.13145300
YKoord41=47.05226600
XKoord42=11.12864800
YKoord42=47.04960700
XKoord43=11.12430900
YKoord43=47.05026900
XKoord44=11.12329000
YKoord44=47.04974600
XKoord45=11.12294300
YKoord45=47.04807100
XKoord46=11.12225900
YKoord46=47.04670300
XKoord47=11.12025700
YKoord47=47.04705600
XKoord48=11.11892700
YKoord48=47.04777100
XKoord49=11.11813100
YKoord49=47.04830100
XKoord50=11.11649400
YKoord50=47.04844700
XKoord51=11.11582500
YKoord51=47.04838200
XKoord52=11.11425300
YKoord52=47.04829800
XKoord53=11.11217400
YKoord53=47.04776000
XKoord54=11.11002900
YKoord54=47.04731400
XKoord55=11.10798300
YKoord55=47.04663900
XKoord56=11.10680200
YKoord56=47.04570800
XKoord57=11.10684900
YKoord57=47.04383400
XKoord58=11.10737500
YKoord58=47.04298600
XKoord59=11.10723200
YKoord59=47.04221000
XKoord60=11.10613300
YKoord60=47.04251200
XKoord61=11.10469900
YKoord61=47.04290800
XKoord62=11.10323100
YKoord62=47.04309800
XKoord63=11.10209600
YKoord63=47.04326400
XKoord64=11.10006000
YKoord64=47.04357100
XKoord65=11.09876100
YKoord65=47.04401200
[Overlay]
Symbols=1
[MapLage]
MapName=ÖK50-West
DimmFc=100
ZoomFc=100
CenterLat=47.11411600
CenterLong=11.23416800
RefOn=1
RefLat=47.11411600
RefLong=11.23416800
