[Symbol 1]
Typ=3
Group=1
Col=8
Zoom=1
Size=105
Art=1
Punkte=63
XKoord0=11.23416800
YKoord0=47.11411600
XKoord1=11.23256100
YKoord1=47.11351700
XKoord2=11.23143900
YKoord2=47.11191900
XKoord3=11.22741300
YKoord3=47.11019800
XKoord4=11.22597200
YKoord4=47.11040600
XKoord5=11.22380100
YKoord5=47.10891800
XKoord6=11.22174700
YKoord6=47.10706800
XKoord7=11.20921600
YKoord7=47.10047100
XKoord8=11.20747800
YKoord8=47.09987500
XKoord9=11.20590900
YKoord9=47.10017500
XKoord10=11.20336600
YKoord10=47.09923400
XKoord11=11.20163900
YKoord11=47.09890700
XKoord12=11.19527600
YKoord12=47.09480000
XKoord13=11.19184900
YKoord13=47.09477600
XKoord14=11.18989300
YKoord14=47.09526300
XKoord15=11.18733600
YKoord15=47.09396200
XKoord16=11.18458800
YKoord16=47.09122500
XKoord17=11.18359700
YKoord17=47.08953400
XKoord18=11.17804500
YKoord18=47.08910000
XKoord19=11.17541200
YKoord19=47.08915000
XKoord20=11.17246400
YKoord20=47.08794600
XKoord21=11.16905600
YKoord21=47.08513100
XKoord22=11.16718700
YKoord22=47.08453600
XKoord23=11.16330000
YKoord23=47.08290000
XKoord24=11.16089500
YKoord24=47.08159000
XKoord25=11.15934600
YKoord25=47.08076400
XKoord26=11.15771000
YKoord26=47.08021000
XKoord27=11.15690500
YKoord27=47.07984300
XKoord28=11.15586400
YKoord28=47.07934500
XKoord29=11.15448300
YKoord29=47.07777300
XKoord30=11.15304500
YKoord30=47.07688400
XKoord31=11.14529300
YKoord31=47.07082000
XKoord32=11.14314200
YKoord32=47.06645100
XKoord33=11.14381500
YKoord33=47.06501600
XKoord34=11.14314400
YKoord34=47.06321100
XKoord35=11.14228500
YKoord35=47.06280800
XKoord36=11.14089600
YKoord36=47.06298300
XKoord37=11.13887100
YKoord37=47.06068100
XKoord38=11.13908200
YKoord38=47.05864700
XKoord39=11.13796500
YKoord39=47.05744100
XKoord40=11.13525800
YKoord40=47.05580600
XKoord41=11.13388500
YKoord41=47.05560800
XKoord42=11.13281400
YKoord42=47.05549900
XKoord43=11.13154900
YKoord43=47.05596300
XKoord44=11.13025700
YKoord44=47.05706600
XKoord45=11.12860300
YKoord45=47.05867500
XKoord46=11.12597600
YKoord46=47.05999100
XKoord47=11.12500700
YKoord47=47.06001900
XKoord48=11.12399000
YKoord48=47.05963900
XKoord49=11.12316900
YKoord49=47.05894100
XKoord50=11.12181100
YKoord50=47.05955100
XKoord51=11.12083600
YKoord51=47.05988400
XKoord52=11.11936600
YKoord52=47.06098500
XKoord53=11.11830900
YKoord53=47.06217900
XKoord54=11.11687900
YKoord54=47.06372000
XKoord55=11.11554000
YKoord55=47.06363600
XKoord56=11.11561300
YKoord56=47.06416100
XKoord57=11.11401900
YKoord57=47.06517500
XKoord58=11.11208700
YKoord58=47.06591600
XKoord59=11.11088100
YKoord59=47.06877900
XKoord60=11.10921700
YKoord60=47.06956400
XKoord61=11.10899100
YKoord61=47.07025100
XKoord62=11.10638300
YKoord62=47.07040100
[Overlay]
Symbols=1
[MapLage]
MapName=ÖK50-West
DimmFc=100
ZoomFc=100
CenterLat=47.11411600
CenterLong=11.23416800
RefOn=1
RefLat=47.11411600
RefLong=11.23416800
